169.4075973799388
-176.69471254504708
-159.6949044556406
-175.82607640716154
-167.8875524405308
-147.42444229095602
-175.07773356093827
-166.8029867022245
-178.21632842796419
175.3062716905669
161.44175265662804
-173.22740799402513
-149.68235256640048
-169.26144499207888
-174.85867573387762
157.3023711516552
-161.9609426561974
-167.01652573643577
-163.5491119023871
137.85124915026614
-176.65508378748268
-157.5303628661502
-170.5008784396261
172.5604536819517
-165.83125568900678
161.1713727881439
-167.2507329230755
173.88463611672043
-153.3301516964292
-176.48346845439693
143.3905325671465
-173.22042754069338
145.79380292850718
178.98895942687602
-152.70432878353762
-151.39757699153077
-153.0926523586095
-145.3728310492026
171.1474924483512
173.73214531331072
172.33386898642573
-174.43098294842974
-157.7929426586022
-170.35121533453275
-174.7315112719103
-149.91639582850016
-142.63452624867446
-142.26719867511116
164.48611823386446
-144.36375256160326
-173.2630342607359
-152.3553197773283
-141.37137838432898
-161.4792777159281
-152.5944583605488
175.16365734069703
170.9177795261853
177.22159333762187
-173.40985600713452
177.53343245436798
178.51350995875143
168.4517397263522
-174.21952029172616
-160.42954594238884
-149.69063075567456
-148.82109303281857
-159.26053174518447
-167.35475670413481
175.19547236185093
-173.56757873544845
178.35634730594944
-172.0263192284784
-143.919571699499
-178.33798775746044
179.4747361410257
146.74124578903633
170.53944168767998
171.51084485181752
-158.21814925519215
-162.98450114483717
-167.3786487058515
-166.99226490450388
-172.1666659555438
-166.86745002761108
-170.97031734128106
-160.2949638949829
-169.7969045022512
-158.08774728355826
-163.89741056892274
-154.24442715834877
-171.65832229637644
-163.60707288768384
164.8098418797664
153.65114326666313
157.56100309476687
157.79807896085802
164.01223970924897
178.72129797368157
-152.95505136759044
-176.04849468729384
179.62780068032566
126.68100751746556
175.53954997147952
167.8735915338673
179.09929430272842
-178.57193539691173
143.63028586739227
-174.57165752457533
-158.35228051011285
-163.49280382286952
-157.5939382669447
-160.21767347433504
-177.0931038189556
165.61151484302914
-175.90428207315819
-150.876201331427
-179.4038934189543
-156.56898641971424
-162.51324541286297
-167.80033092482975
-139.13115829883483
-159.06804335399517
-158.16767415722575
169.98906504436036
-152.07886104048288
-179.53144037151512
-172.5758762490976
-147.67674947889628
-154.3546117700394
-179.2809909950291
177.35513719627394
-167.85096994733624
-165.51438955303155
179.11617853035668
-166.56905272315157
172.12726942441117
-167.17937110662723
-155.57329510288812
-175.74871768462197
177.51596083047107
-151.347006270916
-142.66505719426442
-163.98129895230883
-171.46767805626305
179.6363110960315
173.59987186984426
151.2156070916633
-160.7294595488441
-177.27063409586256
-168.2040634066692
175.69952666221954
-160.56479734833343
-171.28837193017188
-172.94476110579166
179.58834950767965
-173.5452713376192
-171.85208110275136
-172.05907681573777
157.22039522123669
-177.7439798657228
-163.22966395490562
178.78808356338595
178.92207821452325
154.42121977482537
171.9238663909282
-168.5076379945196
-172.15684414351733
-176.8547165565438
-168.55345490347204
167.71560925836494
-166.62272434964953
142.75977825767416
163.06586235823036
176.72152786772855
179.47961289609307
-148.78351333200516
179.60882641481138
-168.3732335320321
-178.37610021302913
165.60722548423036
-162.17166765247063
-172.8458736269882
-173.36416204158712
-158.9655222145533
-158.11811430460816
177.13371612376048
-170.48581104231704
-150.94562337415104
-142.76581614490044
-163.0445385076416
-155.40211690190927
-167.7659067714129
169.8119172580469
-150.5445273453312
-166.3180159503969
-177.69055412603495
-154.74853610023072
-147.7352842000833
-150.114129804972
-147.57790298122788
-163.77068323906232
-168.8412107732047
-160.36625740953951
-151.95031688030323
159.37474616848544
140.0414039491441
126.9817680673779
114.53359804086791
104.04055600389574
126.06220603904075
137.4176550813754
124.98934724497181
156.97020539193912
142.8599907931766
152.45083314268177
116.8080646948605
142.40316042072945
153.14911070228885
157.70371306728512
123.67930330178503
152.3936098178154
105.122266723129
138.3014269184617
150.94421635518202
168.69494910231802
142.95237593189017
162.60937349524173
151.69112486167958
153.47131804619502
149.17186422783374
141.27284607536237
155.73073096325692
147.42079496993924
156.53493109651254
111.06849964094788
155.5350323831577
137.1829151399804
124.4774382270577
148.36949458527567
154.21896421312297
150.0847326707843
167.5219187538817
162.41285529244212
146.029540077521
156.05274706186634
131.73742388078267
151.80719709643478
148.1228564543465
143.45806947765956
150.4166798644469
133.25255108398827
114.68428567433673
124.6239867658895
145.24263398324382
161.30786728851746
133.38352679151242
120.35444917609287
147.73991506834057
137.58902452765102
149.26179049844612
144.68851439625902
166.3871921063108
173.06364737848492
159.94890553049504
144.6433122043319
151.88670049837373
150.94495401561238
159.75143110121164
144.68131537687384
141.7256056550642
155.43736067802652
125.49572380965822
160.45817809538954
141.07990689168787
146.82193764389086
144.29300546218028
168.341090661798
107.62725226160953
149.10453222299574
140.35097544308576
134.6863990360707
139.2211392109606
136.0485983037597
119.49380435953624
125.23604001741434
160.53030489302486
136.75631518479975
143.2628216900456
154.71327866373514
159.84841978742583
137.4570789332647
120.50879779095682
116.52776739170152
98.42642737409041
124.38827693763236
151.19981569430223
172.3538677803155
155.87788055873565
156.63503434898826
140.49980526510032
151.04855432494313
129.5257949671542
122.52736457750571
130.68028818218312
129.68556675221913
137.7255326884029
144.6717394516575
135.6336506513031
142.40579687374907
151.6641319540797
161.81806875913907
141.41069295319159
134.77316975928653
119.97616597910088
119.99488069742671
136.30933394513576
153.0995645100496
163.893203172394
132.88481369907478
144.631946769553
134.8028537614194
148.6939422312296
143.43257921167708
121.90304430623152
147.98315176506307
150.66151482543518
130.37306627331594
122.31163988276002
139.02628757431847
150.52969217445394
145.68764812842684
139.0263695365885
134.03601476292374
123.41766607543852
147.1936911800363
132.91918321097828
107.88245544975788
132.93754275946728
116.44640617830832
107.41887685041078
137.67511223194987
147.14847532773084
145.4660358106166
148.91350549228883
146.27826824633618
139.61951682449074
147.36766975857486
146.71932088180057
143.72185138340546
158.41916172246562
129.33990453870314
139.41528050792903
144.53729400803496
148.3146618266188
125.44828131568332
111.55110031713347
145.3536791987699
170.33058816323933
123.06880733339095
141.6595713861685
133.7345438733377
135.5853612138711
135.7779862088438
152.04012020751057
158.1037026054594
135.52808324749137
114.59377200745573
127.57850803478357
145.87956278372585
150.65379671167307
147.99693508680815
165.90424309047754
154.2823893497557
150.7321663022098
134.195759227232
135.52816520976143
146.24026507379423
143.9435593238641
132.37067803949122
126.18987593500663
122.73920972480282
141.22164697734397
153.20966715947017
148.1237443789386
118.20990638049226
124.70238367718291
112.41563151132783
132.4162217408769
125.2917607006633
115.36048806254634
126.15538347969806
153.68368228786906
147.98114368944707
109.36630038656482
115.41391380223418
143.9816171379194
172.64290772561213
131.55594575453543
142.62299688935548
116.92264794837664
130.05502534480348
149.8095170283678
161.76719751020082
121.80426611045479
146.96575410705464
112.54212661475647
139.35864457933127
130.67307550241958
126.70121121703045
163.02899299709063
127.9595369678219
162.0056940556393
162.87699396730116
142.9612961589462
133.0980658653409
155.35795289873596
172.8060399637487
164.87563026185197
139.13830267670667
155.64751193840948
142.52135001412734
141.52528986708606
116.73412106690594
96.02830697536392
127.22089299022004
131.22933976880375
158.19819144243738
157.98508954033298
144.16689284934515
144.21832417379537
133.2657743302214
150.32825623545193
129.79209038251466
114.75895330234331
99.65559504731507
167.09347464762513
128.657855508564
130.4383765421596
144.6191196742917
142.73329078407284
125.71606571228284
145.03472302490863
156.1475500875461
141.85204611697947
140.38298170953644
138.93464009603522
115.66351623526313
142.4561490283104
-162.87278657077243
-172.45033737215277
-174.82869120342127
-175.8693798064994
-154.15799794459144
-160.6990105655242
-158.43056813837956
174.94451755136635
154.87546833576624
161.66041433271684
-148.6767438148995
-161.40980103169073
-168.20370823683237
-166.3921781444049
-170.43093730252514
-170.82176072683328
175.84838380499082
-159.13694630234227
-154.24037002598178
-126.5321503746943
-175.44400928536936
-171.0770868583867
169.61244841352584
170.80198049899693
-151.91652110429
-179.04508992147518
-173.94754215897626
-160.6630018082199
-153.7514787455706
-159.24381144209627
-150.7529847188
179.21217000895206
-169.7926697849658
-161.85127713888366
-158.7873089187293
-156.4636512423343
-166.35920199109208
164.24225315973834
153.1758167419436
136.89231791155305
-151.98919431705895
-164.26669157658864
-159.96319428623872
-172.5053203949714
-174.0152293336511
-166.80754926859007
-154.31017455929933
-168.87910466271993
179.94405209927558
-158.39688164539305
174.3226288274367
-163.2275192755062
165.45435219022713
-159.22038389324314
-161.9080360108865
-176.92756735423117
-161.90320023695412
175.5063415917349
-176.45811479219785
-150.82007083682785
-168.8746923605161
-152.86068547401754
-150.47291964207278
-138.68812490851113
-159.2611601225881
-159.17673898444676
-158.81482092070613
-160.40613205391404
-159.19029007976008
-172.8009583030062
175.38450467732022
179.5248150880202
165.6814423197517
148.85441069558988
162.22845384523012
-171.0112848159228
166.77757839851205
153.28224474959075
162.94774106672415
-170.96649243534586
163.7750135789961
-145.3003764024871
176.49150075686086
-149.29439782154378
-156.07599702580106
-170.29110966983666
-142.90832121174358
-158.59718377299285
-145.0775073298696
-149.94286964172312
-155.43272980976926
-164.4949018571371
160.5011673060256
175.0770915231563
161.27274645580525
-157.27905288582875
-165.64581605304093
-171.19024943255548
-168.73467348253084
-171.67535678816645
-156.86376372391365
-166.6581047295502
-156.5786716279573
-162.98049865398355
157.88566930677428
174.07023967722637
-161.77498392585463
-147.2162854458107
-151.58178719344602
-160.7970374404922
152.384634949246
156.42387222060813
-164.85419712823645
-169.54111391783422
-172.90920314097258
-157.58086528487328
-156.23886971674918
-141.37756653571702
-174.91916388916724
-176.8036540623088
-147.15866596997247
124.55527506283917
148.1292768321663
140.11171391646022
147.09054166319078
167.8940957617557
159.03805882353882
133.19845598576177
-179.8718023582352
164.26550312367306
148.75101529193424
142.19014048089508
152.6261367779193
162.25837007379477
158.16346676069702
133.3899335089539
162.49000910930658
148.20673117735427
161.50028737781506
147.20748816215973
137.6762870244871
148.35900341471051
148.99418368676504
138.9366754924079
157.37318655296988
163.75840255893462
141.42662095433604
163.3246445655038
149.6361804876112
140.67617440984841
141.68364097280363
127.85737099821685
145.00633675871808
139.50440081621934
161.10182780201487
158.47023787707897
145.59680661246566
169.79858472878703
158.3011360536078
158.35722556707196
138.95010364431613
145.4298904495289
164.8191582577943
139.27866306415044
164.73442293095113
138.0695146753831
150.7276993584926
129.22939207793235
135.66886710666367
140.36495001012761
131.4819065039325
140.97925722407854
153.4893224248472
163.36671853079108
149.02888104774868
163.36445090798665
173.6466723260372
146.14047601002034
138.07070312829865
160.32472985938583
143.63365998084225
146.36167851648037
131.391775327645
121.9796926890974
102.20348100397244
142.95032687513915
115.55479328405487
122.20275300701168
119.52229990875352
138.85013699562384
155.59198250045728
133.70655375811901
119.06933542337663
152.35857094737324
131.17923350105255
141.80703517034908
120.27424909485858
143.4073211721264
154.81825867127822
143.8326097309864
154.49785449731291
162.17954969077283
177.45993961889863
179.31243718596784
145.93867124080316
164.14979971913306
118.99653926720264
144.73793764509324
143.50771129254724
129.3932346557426
125.01233766171808
147.0870719270924
139.22395324889862
158.75799374681162
164.09004922427377
150.74463822763423
131.50338061868302
139.76244536306243
132.49050687828995
143.52557906741598
120.42344774708833
138.512998858192
142.17183557391945
121.5324655626233
144.20288794627112
141.30836305904646
148.59255490318995
140.07051421538668
116.86019269860604
120.17026629493431
120.41593453900131
152.43247359419277
118.17067377389971
119.64415048354655
91.70786398568318
104.02177298367822
129.2358397765088
169.57071595769708
149.77673212035174
140.72823411170225
149.98103673880516
142.84247818814467
116.18920857492233
138.04667452279855
122.03615103277673
145.84446927177032
142.06637745313446
129.7182150564518
146.83043439921835
119.88593918016501
125.39659044404466
149.5535215382757
146.31583428677126
101.54158103188485
125.56096577661019
124.06228566892598
111.97001630949786
132.58699013050554
127.22836521717204
117.68459653142658
134.07248797309163
128.9206538670694
107.96248477626293
114.96159135463925
151.42920076738793
141.12413919675285
125.63485476305138
156.38390195358522
144.16332749059842
127.81129454207594
135.0427436654486
138.19196630682308
156.64521133085157
126.98674044509367
163.93335102433534
144.92568588499856
91.44645215557928
137.9671028189679
118.09209927768788
129.91283446666216
130.2805581911973
139.44088005693823
175.26740791418953
124.05363864943675
147.95956029166985
165.3663930140957
154.28711584066136
139.00485444070296
90.75268252082441
68.79649984887398
93.00447294677255
91.68514677650371
83.6892697114124
90.76055089874826
80.47729129194386
95.52935482630531
120.98539473086197
115.93337700937033
114.99902079129093
86.72766570331423
101.83112641118002
77.93181639206351
72.62867310535802
84.52126871459
78.4010708786109
96.38463111417431
75.51351278433962
93.25355628542457
107.99871892980984
101.22360840526407
102.74789489214665
105.36640500482194
95.33591020863221
106.37493024709852
98.32241725340945
75.8678834890474
159.90463224429502
84.75888416562556
106.25361242706074
119.36773272783614
139.2341165703836
90.66643772217465
100.1241801753238
107.12159286678597
104.43666599462146
74.13949045919733
98.51008353104473
103.20619375526533
106.48594131167873
123.68876994397466
85.24907318197904
119.62446587835858
103.23125371933011
93.87780825480705
118.25722593106211
93.31822451648625
107.91144960278459
154.81014440654425
95.28278499726785
127.26742023884617
100.20104029405395
109.5460368145737
99.77566977292389
107.61128327933004
87.13876112907896
105.4511676524218
93.87013795236913
109.78232720891029
124.177306054549
106.57105229892626
78.53669111477066
137.73994438755162
99.86836910033931
99.03057126655638
116.396737042664
114.11381461447894
100.04270967890389
93.08842963205035
83.12442672743069
88.49424632081383
103.8398099139999
124.32407315943423
102.68040579295776
136.48321690102597
127.42985579768741
106.1660698924687
96.82623699496148
123.42833483092208
90.4089122697085
76.61431388230307
105.83595318950364
127.39347821016793
101.67124534308837
114.03429755216165
110.83848619045853
121.05123775446089
109.5298424360516
124.60400163237804
101.03273876890806
67.29632392976156
85.92037832455374
103.11226499379931
109.82320589109281
57.382297519298874
88.75531664145923
104.88722625341053
78.6763753134866
77.12724742859268
88.78041758665903
70.93721090835021
91.19170659010531
69.2070966708293
80.40353207909689
88.30393675996977
100.21114897402558
81.8520785982732
103.90225833358133
88.2487420012869
91.54544891740944
73.67085751986441
106.35356541537472
73.97674754184344
106.68307423150364
85.93765187296471
109.06448115733112
58.83130849133874
104.16160744655589
63.44139248296304
94.34189228815275
79.44962102942374
58.42383989602329
90.04022548850037
123.20366258836368
111.92942449526048
136.50619365739388
131.97187695423253
143.4992691787331
140.75672966091955
141.82292219035853
147.42990644229204
153.93589385316096
155.92081512785836
150.43278545050978
149.82891476561062
157.70610363349462
148.3046624296739
107.19556381549721
159.36388616770512
126.31139866071949
130.71573686397548
135.54045955026743
144.51491830831398
164.82928059814427
144.96722709553057
148.88845235841325
112.29366482331892
134.08468669094927
147.58933671789848
129.6244638799042
116.0433976965209
146.8780954592467
134.87375112500416
139.4782002105632
127.72591717745078
151.06050715599065
154.05456155980076
156.21641205475817
175.61634861850712
126.70522736826243
163.64660602259985
158.20026781994505
155.3734301073952
159.08729082707626
162.09993700580716
142.61674043607576
137.26924873108936
169.22140642316427
154.54062514189553
148.537558219993
152.03029839548407
155.02297310108185
132.32450596070194
128.1921595505742
130.2780993230961
153.72542840407618
149.16125011386353
148.43932643934988
143.0001052938102
150.2321418134515
143.2122782901875
148.90276843491358
134.9254010155078
119.62482104819543
100.93693170542029
141.36297725164985
118.5423726685318
126.53172690296576
145.8392100261094
129.3217635562676
140.27705913588787
117.27947069099645
126.33559119075967
128.22920649663234
130.18630158065113
159.78532249987325
125.13734378390765
142.20292659502135
101.19330285591673
128.39612265956913
108.45128726421488
106.45220017717887
102.04745899276183
149.87769597666286
135.73428665853405
149.58157995538613
154.8535707492872
178.72465842675322
161.40611272953893
154.77270130951425
165.37807263757645
131.26836746972123
135.77347828399158
144.94015222566065
142.42124676165164
165.95048347115852
169.69289438157026
173.42034717769965
140.38238065288948
167.4654740705807
166.73693877295048
142.5172109194903
151.71374644821066
136.25392745058863
158.11484947418487
149.4401403980535
123.64172360097162
117.22186487553655
131.77956614796165
156.38438006682713
139.2016868322044
157.1311519695413
142.92239140143383
141.5417233022291
162.31507430428422
148.7953705404043
157.5114159213926
154.6114678639669
142.5186725799727
169.61115067758354
158.27493544795163
166.54622623094536
158.11678924790917
150.7084792061682
158.02616629800144
152.883402683197
140.4219820896972
130.51010718882307
169.0699128273734
118.48318224918447
141.13307308418723
135.11790306707542
118.64382829846318
131.23440776916792
158.14658253306877
125.47972750662205
153.36423434038758
148.95515598584757
129.4483133012096
115.00031852723323
151.12323561332803
125.14064959546594
144.79547515866145
152.07864247442942
149.04292391668224
152.9689986138756
160.52265508115445
147.64195649526425
164.85165629786522
158.58818158366677
176.96726441368727
148.31754416644856
-179.94765843915735
152.0447783965245
148.6043574700757
151.027216813976
134.7200172271655
149.9222834515647
141.18208652167124
155.24484496608054
131.64042153419015
139.56068157498026
131.61919330624974
162.10467715709115
152.84279037839212
134.83163617858185
170.73874660766094
144.60196223909662
151.59132213752736
132.39758898482108
126.62146192828139
144.39345022411447
161.17387263738016
157.18911295483804
170.37595427970655
158.69548385552767
146.34051859043169
149.8317697846837
160.62599584329675
171.69612056324328
168.28362145012153
158.54586173156937
145.81112428824233
162.51757575279674
128.27036521657084
151.5031034142075
132.07811371658292
134.96920984884426
136.09322675979658
135.25118737853904
148.3730872647791
145.42498637370483
117.69678158890588
138.7822039341389
114.93524048482135
132.14802753292716
130.96208812695951
132.61025375481861
124.59570978272565
147.27312628008355
146.29330832288855
140.9955950365732
153.2759199944193
134.5423366860968
113.81758931017548
147.17751729208172
134.19614171782553
141.16085829373085
144.57169084069514
165.05807827496133
139.0886881825757
152.46088718114
155.76926689055412
151.28000211515817
160.68084226233194
128.57762810657303
128.95850677544962
133.83905942801726
126.77851529805666
125.44277618321229
149.87201325927342
135.64298068970933
128.6547546026808
168.82368450779444
145.64118918169243
156.20219160090622
160.61767667288768
159.49835893208433
175.30793825672438
143.36165452733567
123.97097970010125
136.53785841438605
137.6521491359603
136.73142597546422
150.32829721658695
129.08841697346327
128.45025873893064
163.81618595931295
150.15136799632694
147.84826918933365
138.3780889617059
152.74785074892893
141.52545379162612
118.09532312697613
156.4422181087188
172.65415021698595
145.4306417703376
135.10264442446962
141.4138758213448
120.48980986506417
92.38254324170786
109.47714069641577
111.36009407699406
123.22045119334358
119.13398999405996
135.80601730519754
151.12237500949263
141.5219567347711
153.7858755782308
156.78912341666376
-178.62370823082043
-170.15966950944892
176.03232079933926
-176.41569931745207
-157.3520402872995
-153.3973197767271
-165.66401167698984
140.25070826606998
155.41368724236327
153.91981558785474
125.69143605013576
135.698810655985
175.1338503951591
134.41058233700724
139.2133254745501
-178.7771416003356
163.33055950932504
152.56368152814872
140.25465611541023
137.68571268554172
125.36519889461928
136.8252727746602
140.06223602611263
152.8527761149587
118.24505453396115
140.17665535508868
106.00745923956266
124.20449020744566
151.72168312802623
153.26971818265292
153.224283764294
148.72094879920783
150.55656213864876
151.4747444687736
134.53756921405613
154.48736332674778
137.3730539460952
134.1892022456288
148.37536854796187
139.96584839654543
134.26318685471838
140.5618780242774
147.55451641350973
127.12949139874694
138.2989134088471
152.55360016893377
160.41671884712756
165.24278025049682
163.1680283278354
147.21042514350285
151.36703238556248
140.71751071470533
139.8752254466377
155.24102006014533
141.85248324908633
129.18458603697704
135.9820722612438
129.74243490724868
124.00846377826629
134.4422744147561
147.76492722108117
129.39648582578752
112.96747664531901
133.2905542565302
141.86500981602416
153.0025075219437
141.6340128182943
162.08847594837988
142.29267528071532
113.11991280721536
114.89882191616684
129.82628230949976
115.03494758632519
154.73181579714253
154.196588513402
141.615721571697
114.62105178300077
121.92027004331828
136.55344490607203
142.5532879786863
136.88805587351095
155.91364342922984
148.27306597457343
134.99722728481964
154.03637959623018
118.09574659870466
167.02525471819504
126.95037651795252
147.6586631379741
124.11888061638871
173.3209815856543
152.5969855305417
160.2673152892227
133.7580807052176
117.04988071223563
138.6577442270829
162.74969290155047
161.736270413639
151.1778224851748
115.2848095665426
134.9479269793905
148.39796281373629
132.0131995987111
132.06997213109224
147.34405096442498
151.0291565877003
-179.36788466164998
154.58633276782126
134.313429726253
159.4890698748131
132.64930877649275
133.26250949979814
118.3313881250701
113.09052250321679
117.64696218909981
143.4329617022706
136.28632986801117
152.67474040405313
154.31878059765353
159.8660963169978
123.51368487479056
168.76025937116168
166.63023755773654
174.16793870311423
168.99323712375082
160.6889155459309
157.17571212368645
160.18990192516978
137.67956551528872
157.60460702242824
155.02672970512535
153.39148679517592
132.82439384567684
160.45077417032923
125.9917184868062
146.5654640405569
161.0935496127408
158.553320298143
158.41678481663448
151.06053447674734
121.49114291814473
149.09729222247555
145.68603620378272
134.83757844315977
163.22698652075096
152.32052679369627
131.6406127794869
161.2114386778152
159.82491027630263
158.51989335234498
143.99799593154907
131.52283299743922
148.75120653723098
153.53411480542414
125.1573562381758
119.37452193587113
150.50487126701012
106.0674214702862
81.17730371960013
96.69308928728125
101.5576251462452
76.3851473752708
124.41424531685675
108.31439661286949
108.57065848033919
114.59317095080877
85.18944563052483
98.03929225193409
69.68785319593898
72.34942082114205
67.66863754141895
66.16804498076715
88.20420233770925
108.55970285691049
85.92515945697275
93.88471357605793
114.58455808226539
128.82806382268072
107.10065833697988
75.05474946835737
113.79418908207901
126.54919852686265
98.19661882927616
97.77829023318039
96.71886642120889
108.85269065154736
99.95389672912621
85.01672380679355
97.39755499827636
81.76180398801314
92.97222079351175
94.84856255097345
80.53964408887691
104.11988182091628
86.62196169571911
89.08895089184685
129.6546942971707
128.91555854594858
83.97389735450517
122.06359473286183
82.49661622949061
115.79271609360309
108.49483655036289
125.16523827647798
85.66556445718807
119.18443777126969
71.20398443695257
84.5027042604259
88.58714372371519
70.71539368486488
105.49700505194176
86.17002173871771
65.96829609849013
103.20285379276119
120.85574408003679
113.91069161875193
120.84555343779512
120.96153004990194
104.36065964953757
100.71349572710167
109.79233343604436
128.19405834316345
126.20580393615109
108.40013597752066
90.30825577191001
117.0739639592491
97.37603990239083
80.72761089483566
99.49557737544002
89.49219843025523
91.83220757952326
114.3851438792577
125.56524147503062
114.7442000937361
92.59413567200569
104.12968314237524
92.6930777923225
127.97870247863295
87.20030796368994
109.55130289042377
114.13078080437725
113.47933102171977
87.64750776940735
85.88665768062138
111.94567351529594
136.12550623381404
81.980950607533
129.12167999472123
82.34473331291704
70.02570850323367
75.45527176128692
145.8272981761969
163.56838669622488
114.24295300111636
109.81403294703749
94.0213378500257
124.05634340434807
106.70016336480701
147.1008552488375
97.48384760825031
105.7146763506009
100.25010837305132
85.06491079138799
135.71872748760478
138.03357421997046
123.00411178157259
91.06642726034895
132.09637764242353
104.01472422845477
113.6848650742238
107.49489685587302
144.17388696305525
144.3542722590353
129.31054838565043
113.60695993655062
127.54897429681243
92.5239144971488
100.53700363894853
111.85629365981715
107.97126156934638
102.67822696261251
72.1535719768811
101.8012511637504
104.84003647643492
114.6247127643959
158.25456782384666
116.27849280775274
119.83889283716196
106.71234842228631
43.29336578999009
103.08499204844345
96.5525444847299
77.08722252005641
84.89889621342165
130.8777899322232
107.15835977508814
48.22744321998853
105.91828428975897
125.00057607596732
92.64044435457838
86.85985035432148
87.71509249124463
109.05813591159217
102.92020690452773
101.40854260723134
82.80164564763422
70.1562129277051
84.3158644356802
142.72663817982124
110.71561791747916
91.4962374044395
106.48540855692347
104.97487807102931
95.36907077705263
117.09076622460734
100.50618582541344
106.0834587544574
119.97052424284645
131.31243585024615
131.3737163074795
99.70753180576385
80.1854646294659
100.05169137766245
101.57570465697823
96.9915480634433
112.50563974421026
146.0177921521486
122.36450554693592
88.10482991547472
91.26041829315564
127.867862168782
129.96310465895345
121.27895626138911
149.49728176064983
125.52412373622714
84.85921281434388
118.97108998235517
111.1236124373607
127.74811529225333
88.43720058086589
83.11623050042667
87.35880250338009
81.7862765558093
115.20488269287512
119.72455547045595
94.3405125899404
80.72944821572239
62.77846115231077
118.20515256882993
128.86748767457004
102.41136464155095
100.34775275742582
87.13573535527664
162.6000161360788
107.49478757284629
108.35619054040079
121.73978912468988
113.0361063860993
175.5891781259888
112.10662692308729
128.98216655073455
91.29267727660562
82.33152372706225
128.40323971668428
116.67594151555578
123.03143253825264
106.20683246143534
119.86055819720924
126.5367266014382
88.38976491708016
107.96609794633386
104.918460708485
114.8332794208914
98.04895013942048
118.2654494788228
102.83965848364576
91.0456429947046
91.75567530987327
67.65221776665423
74.4368290843355
93.15628073126526
121.20245814268496
110.92030502652611
125.64337883913556
105.90381111890771
93.7818167762117
74.94565768693393
119.32274910196244
161.42844744812487
143.113991868031
64.03785241261274
115.46824112689247
92.91134331743942
108.15932399795352
111.29998158210879
84.76931386448817
78.83982174032501
93.03486728857911
117.82423291881832
69.2728782227257
76.5587298028375
76.19510419180436
88.67209078642263
91.9150167930205
63.71323401192954
106.78814303150595
77.65304222108944
91.54426046449386
99.53804066150998
88.07365010191361
72.74400084949369
68.94605367094059
74.77905571269898
131.46203065344775
79.54480654569704
108.28761544113387
130.32338347729328
104.17175027747335
122.90231464218272
108.55827534737396
120.42456789811222
90.05514945183685
125.32022892912391
104.4798669411218
78.04455549450374
98.99606515086947
81.86477591994024
88.35794989592623
86.39376507554898
90.5303120520163
62.7579091130982
67.27661883400607
86.32338680634118
77.42953794087911
109.7958987947911
82.67545790271824
65.92881077489828
95.26806593960647
90.41199268502416
113.55166955521938
95.5840646415571
103.07303238720677
107.0298634262327
112.60913760070346
105.9746060296549
107.03883829480209
105.3646154952594
98.52035613555643
92.00947830924177
124.03762868602225
119.93451548554214
105.14170544150686
120.16634576635072
141.2387907521607
92.62668835358997
110.5038752230196
110.10501266605837
114.10119242489274
103.6964988848347
149.93202330132115
161.71918128033562
103.40579920356979
118.5499131973755
131.86727943728295
116.86446839702647
129.09669516273732
162.43300435049366
113.91073259988694
124.99209298101816
133.96549988993254
110.00697896090118
88.02712968347666
107.7979933304815
90.95160495021186
115.55359117076094
101.32865671469887
99.07406591119101
102.51236264880792
73.51899509385835
108.21266094518215
116.73698974635735
82.04607646126907
102.56494144503868
106.72248442301462
103.38790410794435
71.37842746835469
105.33706251214757
115.69795404905832
102.71011028565813
95.00885343041531
108.73609249222608
85.65026483344725
77.89950959728935
110.39204453573899
101.63059205714845
105.48203327728109
100.40414279921345
99.67248610513252
95.26254031656794
104.41131233242238
102.48738464701319
99.80029260488179
116.73170317993976
113.33481787926064
111.56812114854515
92.85261052076648
86.22011434609058
79.8285257736302
128.99784866506891
93.00622147520006
115.9678011627872
74.64792974101307
139.20495166262765
81.05494088061934
129.92645386386715
89.72092097499144
96.7014835897712
114.60680400839212
101.2996079201588
123.17941541681014
119.21800132085113
88.59789444146878
92.54528615906176
53.60907562554122
94.91269119709071
73.67849367135649
102.05129072888622
94.20112891954795
114.90648538841559
89.75746931724018
59.73712134887666
70.85230482677778
55.11194605428122
71.79094357346678
104.66507435065587
86.03261882318456
85.19934257463217
115.61147019378762
81.37130841278517
83.91332040675633
96.08887709292358
77.99607481177499
106.08936686808946
85.21471733045388
80.76437780313783
110.72081569143755
96.89093254677984
96.59497361985402
90.9726419328555
87.18704373632177
126.40540938445554
134.35768935207466
81.53065672612156
81.71141085231679
96.21108283755345
178.32450496403885
112.37738245197576
101.80916735299843
91.2543462549835
124.3532107464335
129.32211872610443
91.62409171551298
77.6777196945607
111.01786744863057
86.41516405821864
108.59866908612541
120.38361408384883
95.88162866293789
83.42958591916852
117.77857993440595
100.22028776713505
90.32040667844346
98.93347329731547
111.72677961277537
94.94843357701738
107.57347135208484
121.37057641891566
113.4047316956049
103.94213297795586
88.58895372384524
96.30148722140774
114.17550488306249
95.90422975890147
73.17051201221513
98.26004396590889
108.67737335593148
116.08425588813591
97.7752098178647
81.95169690731784
119.97123458252013
119.73693177323202
100.44931084019474
104.9680888629943
109.58886893085885
116.77481533398088
99.59033258979561
107.23423634657782
88.60884323470832
83.89323282040732
68.67815316112517
78.86451970436377
66.10054905138908
89.19010599345474
101.04008805245499
124.49883037953818
116.07241234011511
106.00379825816754
102.2104819478717
93.13719035253506
90.19032572570057
84.57236535977086
109.30941174096778
91.32728584513006
101.40682822974966
83.40307112481052
95.10446924860632
96.67869124851086
92.70832960473913
104.82990047570661
89.77143705409286
103.73363462335206
80.26015274803999
45.832843783779175
115.5843953239177
52.86651111935578
87.45534039710904
97.08418591915618
144.5202185351099
115.08973936384703
107.33028246668654
105.31386035953703
106.09180524562315
109.44417137329212
133.80244961406598
114.76794183129105
97.13933969670404
119.78743419195509
111.40875917483041
73.92302127383212
103.51112755076055
110.76351803412847
99.22180973312756
110.95964691614539
110.1698721424168
130.82593513604448
92.76855138265114
100.20888135122112
94.43690021950762
130.46841571412932
103.87656316192374
142.60348986908593
91.09965613066105
90.69126545980765
109.71099954340785
73.94804708695104
67.00509149374138
78.59998647780918
77.97101484771021
92.826799235893
109.5558313058435
92.81919723534678
65.49501180033243
90.57262507392453
88.30953751508918
107.3013634457407
121.51067725917096
118.70535464250665
133.99462381655346
127.6228496228753
120.37205740377316
78.54325492656305
101.56483782600874
87.47928021014994
96.20687544102472
97.20854317337461
88.91980125705147
102.96186422827563
92.49431245728596
66.75613792868359
86.9266291138367
66.55552161238197
76.17818581323024
80.96079355309989
91.10861050866293
96.44211398622913
117.68542981450533
77.86667004775992
76.93343398070441
131.89730494887434
91.28833327629349
81.79332531103275
120.95002801133964
104.78749183115
133.88342833686565
110.12330391265566
109.9294631440107
93.271772399941
95.63648634343696
125.89464783832199
141.25627603643593
102.80268666966849
125.63152163073642
81.1296153388151
72.88454565204503
50.75363308074735
62.50414709486471
107.19771532508577
77.10735791772962
107.2749920853553
114.39020504943267
135.6922536743818
137.13119694758507
98.4257716759301
114.76029201942065
70.74048096968633
104.75096397946878
84.95281372672973
90.70493949852602
95.27970458195217
95.02016422368087
110.7742141103687
82.72413666093291
83.14301167216229
94.0535900032865
76.35370801452123
90.94036245883801
75.60654679102437
73.84336760773142
75.20519121501607
73.63961623460078
121.26959890222619
95.68974132839556
133.67868658630536
113.96377584898127
122.08247337572774
106.66286370174957
116.88426228524116
141.31770675783102
110.8376938885148
130.21293931841416
125.18832431587263
81.34064769360099
98.9016036346482
89.02601069864518
121.24820674974572
112.97009260777114
93.25427345528742
114.43600829800677
75.82324820282136
129.13207554263798
112.78123104703111
88.71237524214736
74.7439758611218
111.31768543243746
111.30226286529157
84.09507857075954
97.53478715908027
91.73239119499269
56.93348578893734
104.00264845400218
70.41161419133938
82.53061691117894
85.15702955272394
92.77180255269606
40.43015048992075
85.44831663025748
39.56925295636483
69.97924955649924
124.88785063390543
87.3347670676908
114.42323584425885
108.27279393063495
96.29798333436352
96.30895261817057
129.0104025527634
85.08844079307868
74.73487804914734
74.67173978045975
131.7989365644478
92.47529721063664
124.1342348816429
79.07133783243175
97.27929710298676
95.34702292641182
104.41503478552004
133.76881776259285
86.64842184856374
134.4782148701687
104.78045673630488
114.28466496637763
108.90465473075282
117.81543563516735
99.20500746776933
121.17520568789662
56.40169067525473
111.60458069833467
117.88816348944964
115.06613423007548
82.60985393574026
102.11009865764002
69.25945690100662
76.76595091206651
107.59330622143456
107.8799692609
68.36769374259141
34.192521211541624
100.69351742377938
70.3861922272486
79.5519236028122
68.79313939580234
85.5719020730997
98.14924463719295
73.1946840516878
66.51794874175773
69.01900009127633
122.83119871254455
109.34639721532339
117.68611283342233
115.96807437035399
131.8790273626554
95.90771998556734
110.4122687258714
91.26629225584185
95.04628969725616
97.60274071113272
115.05011060628262
110.57356364312125
111.30336935593711
82.98787758554379
99.40450363304707
113.4774322291305
115.35328904316115
74.81212065847102
81.84329497500056
89.50325650652148
102.11645756375731
99.68450723807173
139.86685163471526
115.95635376573826
109.81659426797624
116.18420887644987
108.45881413268023
74.78908243040055
75.97360798721002
105.63169638237441
104.89292263117832
93.24085213356835
96.25098480268467
122.27333618189459
132.0636337155425
133.69761987068463
110.47252465472924
78.61299115798887
98.91548257904167
96.86451337507023
104.55425453137241
121.40993196891327
79.50625695802148
77.01127081648588
90.21947697307819
99.88958366790136
72.38407037080152
91.98945902478447
94.5120664513236
96.72939857290903
73.53792154804846
69.52517858047679
70.67921417283132
78.3534439695284
100.23118874905039
94.96438889891853
92.37974969433733
105.64843717603011
103.64661801332609
96.11072003788928
83.7553449614431
104.7319419026303
72.65526986198604
115.10475211964273
113.91998067602314
104.91040791545355
98.55831832696336
98.97383288512108
123.75955802453268
98.58223764943673
99.25273682968938
110.40347827240959
111.55471348720441
91.01160816207042
103.11404084298351
137.83963782867713
115.37194911997362
97.0173320275601
-154.9179384520254
92.32695233205312
93.21868816971165
126.03869652791755
96.6049320356639
95.6862442715405
101.65010590760717
89.74241558030948
106.3321117911917
133.67777134095658
98.40263099502208
125.26728130267797
118.61725886259183
100.64411466551267
80.36386234039746
82.65100582548959
79.79510565802133
50.08457507040958
129.41626605362387
95.01948120476386
77.39020971163818
79.17430976435887
106.69786842124589
67.45656016769006
80.9145531724189
76.26002513986533
139.74097124831192
108.0525066695237
46.57345827095658
86.66216418917381
101.13935802185196
86.82138272891598
112.88037124283385
75.53603874822232
85.45158146068074
81.88730871401212
89.25529331889334
96.31574865639473
77.9349855998384
111.78505478677391
112.88660037535689
94.68161906728001
111.60304390577141
130.51619971756273
157.2216656364223
97.27603910275268
103.77513485274905
116.76564922011472
104.0462387212852
120.41533348235436
110.88649559013454
91.19620085457917
121.75161901233233
101.0223910323155
101.88302218849378
77.0172540621988
105.87562292820307
73.69025525710725
102.58611503146572
101.60385869673702
100.31476977392383
98.85879883911973
77.22898309628003
89.87479830680266
105.72244910587636
69.71123293346794
107.74723136456997
87.73636853050922
79.75079822087545
109.8375356279715
89.638022969035
80.51494612483815
124.76535802133041
129.46585322699818
102.2377002517142
89.99248246620198
106.69926861002574
74.78309918468763
64.04650626229115
104.43763588148362
143.7427517622657
56.15870328043694
122.92846060632553
88.00017092682262
126.3044728489011
122.2854939186172
135.55532204190138
138.86170733607784
153.73340606502677
120.78430030131845
83.75850733902881
-177.85670530778467
-143.52154925580567
-173.07703454925814
-153.9143104553837
-171.29136355302833
-170.0344448212059
169.19237811919172
-164.72919100604688
-170.50102870378782
-164.33674199671628
174.7265252338162
-163.20090885849984
176.21027454797476
-158.92301111715912
-176.39478527821348
-167.38707715928732
-176.95367233723894
-177.58994543956067
-143.09983971607076
-155.4593675475323
156.34689598866208
-179.2955666187179
175.33377003216538
-179.26537718258643
174.85352577124343
-177.7129571465126
150.25951721164492
173.20277833187808
-169.92402798308348
-169.26510597347402
-152.9943522760747
171.22266551035634
-174.73166153607207
-173.9389907621354
-177.40353591673266
-129.95009997877375
167.44177331416077
175.81703323670044
-179.3198684317848
175.64795873398594
-154.31156791789
-173.10673221176935
171.72837271650408
-139.88943224011132
123.38717611098359
-146.63951695153816
-139.88073057910873
-151.45176771240565
-146.252750659597
-149.90621884663685
-150.35608242613054
-163.02956673298092
175.98375815434045
-162.87579185400725
-170.4383958690988
141.4363334833358
-164.86043992113784
-139.6884744143512
-159.27318125552733
-157.95469519852642
177.9760970144765
-153.3898475497751
157.4392344822439
167.92824670760575
178.71108001068322
-167.59735136307532
-177.17630918342468
176.78752115548923
-172.8160803418286
-156.0475561180971
-171.70393429965378
171.8990591438627
172.46380650519603
-158.71917095156925
168.55229377131315
-164.80971893636135
-167.62066962890174
-167.03116966201628
153.24877682265767
176.9253953540751
174.5572731461833
114.18075729853423
-171.95723869521288
134.06683257645884
-177.38072308490482
-174.16128609886263
-177.19244209024424
179.7338598577576
-169.7274141576355
-177.16814027717734
173.95736397100274
-158.5556698832175
166.26344273892852
170.66164743230985
174.99593521543818
161.01091798416198
169.56261535334144
-177.4426592402985
-161.6660014274579
177.98617837369144
-154.55409427493882
-177.62818083853438
-170.2056366825631
146.58161060775478
-164.08586914850173
-168.186619103529
-177.27717741708744
-172.91041891464485
161.21499037618364
166.8869433875023
-175.046587898323
146.15324846376828
-171.98787892382956
179.7676146526358
-168.24973005145992
178.56768701924798
174.37399184999518
152.7755130150675
130.9202737088607
170.45343594565117
-167.3907244803041
172.67581557703323
-178.90210674139016
172.2614006793319
-174.18472730809412
141.84203305965622
162.97552627626777
145.5360315892309
122.25514055794568
-169.5796088639964
158.72122000832027
-175.79382425390074
-178.44720248228896
-163.53001469346773
-179.65169268204235
161.2178180745
-169.63528856611038
169.90760820831878
93.90488995486616
176.09399740754446
-160.1388530913131
-166.54996917461054
176.61597412429518
-164.05686816528586
-149.34022839087456
-157.2466094872712
-170.12998550731604
-162.65708919678343
-148.52219029436046
-167.13187397113896
-155.13703726022106
-152.1591704047439
-152.19328036945893
-151.5413388131812
165.20464047417147
-155.64916484418862
-168.77316842869303
-149.946038849498
-159.99069262783718
-163.11345511636702
-156.63517095277166
168.12983291076952
-159.25957551870067
166.15902280689735
-171.65981127761552
-173.40105872348354
167.4874809400865
-166.65427982361498
153.57082024202379
166.62477340640052
-177.03918630564752
140.7156938843861
145.63683152100194
161.49172232059587
151.90803800934086
-173.61491194639663
-164.67934428548412
-167.92811010382235
-175.9560002655535
178.75841322163143
172.68403912479394
164.51879385885383
-134.6113898986056
-167.35179240203502
-153.02178231578148
164.99819117631867
-155.4307627152883
-161.52109213402693
167.47220863710234
-140.68038180637714
-167.46764607073678
176.8078204777025
168.93772134617697
-178.93964546106852
166.814898552137
175.55494521786872
-169.325006732495
169.29745374938318
152.4516664257605
-165.8442330484298
169.2696412190829
-172.0630793065914
166.20157488542654
-171.48023194395753
170.48482749507656
-159.7999527650754
-156.61336898894098
-158.84384922467868
170.6384657702668
-172.58838915565707
-164.23498583846145
177.04447287206509
-167.83756911618468
-158.59520301813353
-155.998337774938
-171.2287307183393
166.61876283993092
158.3194682813401
-166.82000753363616
-146.81023069965346
-150.63668025761302
176.69210341278415
155.9170038823015
-177.733502355536
-167.0827785713849
-149.4472028136553
-139.96658605697579
-169.934614776297
-169.14068724755307
178.1015266083946
-154.08333031658486
174.04405273194854
-170.35937058040176
-159.80547155792476
168.0726915481732
179.55854256214172
119.03359987363912
171.4524467344139
178.7726746566184
-153.49896665195524
179.02280984440262
-167.2405559412122
166.77634896446145
-174.8260410900233
169.69945136317347
160.17860479228258
151.98203627880878
166.38068976622094
175.18683900274004
120.1208157253434
168.8626848879552
167.21453292047445
164.1801257590479
-179.88636432154567
-168.74233695477957
-161.4100332581225
-177.1080892539946
-172.0069351516139
-177.96164433419275
179.97202855411595
-176.12717846653237
152.41960551779647
134.19224850999862
131.57685979377402
167.12246197046267
179.70063781763469
170.92171371514723
-176.96643113060853
-170.2022215879781
-163.9030386447988
177.4454186367232
-151.66701429390943
-173.0707780959784
-167.69078835092108
166.6744562024232
-167.73786201468081
-173.75154305055358
172.5418072655176
-160.423726621216
-167.90358972470202
-151.4669307323631
-179.04059565700132
-179.46077523436216
-159.81894069096805
-165.57463182151108
-162.9993909572278
-158.45646821571225
-141.7118906352108
-162.69984618098772
-163.56304548829394
-160.5603850461296
177.13241838781818
166.87497689607642
147.56941988627872
-168.94225659178585
166.7411461694792
-172.43446401252166
-157.86444107883386
146.28751632247238
165.7225600585552
-165.88103410767783
159.4515584758914
177.97329663691679
170.90525295924752
-165.6140283526437
-163.65089538139864
-168.19353125496906
97.98311394601073
-144.02875910357082
-159.30305650295696
-161.93908605085335
152.0889423996978
-159.2279790636002
-168.00881561905524
173.93576691284716
165.58759552055574
-165.3862415438238
-167.12027630992827
-163.3141397345603
-149.03870285977519
-147.99170316190393
-146.42416108700766
166.94398912745024
-164.2974957297454
-175.8163365574051
-167.23617095976505
-162.86506845701032
-156.88501927261072
-155.26543115623895
-174.02368510784356
-151.15285131356922
-153.51290023786206
-146.05490740009841
-139.26556276132234
170.64401188387288
-164.0172940492348
-156.07483589364216
-166.4102644853271
-162.52272571543094
-176.14649424150517
-178.74930174927863
174.0397770335281
178.51786761944192
-166.0677168380726
135.66588914418554
-157.8072860558592
161.91334989806074
-165.08590446563997
-175.11404284656606
-151.7170659201473
-179.59265252685677
-172.59151738229696
-159.53628014235622
177.14035506763375
165.54216110219681
-173.32732000120407
161.47691447047526
153.78695474811965
-178.3774252697281
-178.09546140041164
172.7261404108379
-171.84112547932267
-165.6420184678624
172.34729713833397
-163.58431469736934
-141.96356944574742
-172.6728649353118
176.5502540441013
-167.9584361437372
-157.19243242677464
-174.75955602864238
170.72451249343064
-173.56857594306726
-146.9853977311076
-164.0012157839286
-140.28521438175687
171.44866280961372
-176.64549420188797
-158.4267022513093
-170.92922692323427
178.15846306531583
177.58168091066494
-172.18346822090203
-171.95348209116938
-165.2565908929986
-166.2955173072709
-172.5811628155152
-172.6798590490219
156.1564839749805
170.40379413076352
165.09992001381684
-159.83175412585098
-162.89936966702214
127.76637921809395
-175.5493444627493
176.4847525299609
-169.41834809769242
172.60744538344142
179.18699393167137
-179.29058058062378
165.37665195822908
-168.23035963497375
-160.1010001829329
-175.17321960553505
-167.8630457217888
179.43316760973698
160.9538585838357
171.5016514171947
160.6175810502393
-178.5815523032631
-178.04946690654077
-172.9608120503412
178.53781177181835
-174.85011067665843
-170.63987278923585
-166.94900248630103
154.22067176041546
-157.56403569875837
-175.02299642492977
176.72666416998442
-155.63300461661237
-151.56363255063212
164.95439600336056
174.1207694167061
-178.4898775042232
176.9506533936258
-165.48844849456384
-151.89491038575608
-150.88998465317212
-166.1417014471622
-168.454021009535
164.43218706017805
-172.5629398708096
143.49110027248577
168.44646682031296
-161.6053220268715
-154.0274457087958
-154.9498490958277
169.54681029560203
-155.6269803897644
165.43869739664947
-152.13970436560933
179.5207169745182
-161.1782576188273
-150.60183263246762
177.43509139069812
-170.62887618467212
-167.72080020213414
170.91437809197865
138.94413405898155
-172.68052840756056
142.40753174179827
177.58532823168173
146.80197983113607
160.2899778568888
171.03423425153403
165.65409424231498
-146.372470215369
-159.31123906958265
157.0023482621732
174.6335253780773
177.6372649901305
176.3918482968704
143.46361559126564
170.19690770080382
170.5574324059538
-169.95182685300543
-178.27150269607955
-162.18314237027624
-169.63911347204558
-176.58493774470665
-173.3735057403717
-146.30882651268283
-143.16595594723648
-148.66108902132186
-160.07046923734293
169.95599326839914
169.28000944624299
-172.44619827751575
-147.57711067928415
-158.70052453513514
-160.63227961733315
-154.28147410440693
-169.0870839229468
-176.294449799306
-157.14509921582646
-157.2026230690163
-158.40171741932542
-179.3406185464833
-176.80609927003167
160.857853444862
-152.00457590306982
-151.87588147872842
174.51416099214217
172.76285950781588
-169.32818960064824
173.19489629357588
-165.4830389847412
170.9993729660103
-169.3716159433912
-137.40235545763457
175.2810819529079
-142.73628240692932
-172.52619345307494
-153.31384120469122
-167.8929346295968
-150.82590381837906
-171.3633674072586
-163.09400273761082
-161.52165220953887
-144.67298254608642
-151.31831947640194
-161.61062225366746
172.7605782246331
178.24922261900696
-166.25612077613826
177.463409354997
167.58369098473528
-171.87445680247234
-171.6942081102757
157.804144168841
163.6007481325124
176.67763707212205
154.61114001488676
169.57149459926245
-136.6973569918842
-169.59190320450244
-145.54735604287478
-177.82075119199374
-165.5101411753678
-148.96048353340018
-153.79886659803216
-152.75832825911573
-178.79163526175435
162.62497364730604
177.6542311800288
-175.46171313569803
107.35962495936091
-174.59873239444528
-164.4158219269267
-161.91359578487086
-151.20071727927268
-166.21731164127425
170.51990734665372
-167.56806351191432
178.59876437997153
-164.01745797377487
-155.66890409088995
-162.3355102302809
-175.22353077896136
-163.66510217487226
-170.19315109676032
172.5672975315001
-170.42637473615957
-178.60044460650735
179.8718023582352
157.204699446524
169.5582713530293
171.0288657228464
-176.21580700120248
-163.61044700113382
-146.5379930197151
174.630861604301
-176.55559525203228
173.37078732508203
170.80935710330053
-171.99846571704308
177.74561911112357
-153.63472349189843
-147.7156952175437
-169.23702023560693
160.2817816298848
145.4146044861664
172.82094343651767
-155.4564305661892
161.1418390501728
-159.02650214346315
-157.311523605143
-143.21117179954194
177.96557852315468
-149.1176188654455
168.68770910179782
179.748216915393
173.60373775691448
-163.70475825319335
-151.12628187769786
-155.82050696970757
-170.14886415018196
170.1090168265641
-167.4132504441868
-160.50797017443892
-160.0084101385442
-146.50512614942897
175.95091860481102
-157.0717020030055
-158.5901350177694
-166.38392727588754
169.34174069596156
-162.20796327772007
-168.7574316728453
174.15688745703716
176.3244889712757
-158.74374597220296
171.0458865542581
-138.24625265034632
-163.0560132254472
103.52786834441625
141.6250652704816
158.48596097254836
-179.17385264770826
160.2247905314502
141.76214716712374
123.8138990095693
142.25822380654176
108.4334741308595
143.3688262259642
150.57496266827278
128.3077536720875
133.41954920919508
139.64431041117788
87.14658852586778
114.79373262559703
138.2087412514246
125.29010779488416
155.1523095632052
141.20805490089563
138.34045461937913
158.2173159721134
158.06397822524661
134.43955599946645
-179.40192632447335
170.72284592727314
158.6130434722456
150.5884864428294
140.8874048401202
164.12018401889188
159.38836556569044
128.39187428190536
179.22443702870137
138.9874920998328
147.9689722923461
164.7203254205042
156.94231089936878
139.15832879135314
143.91767290690973
148.0232996170044
151.13654082183123
140.55496587283736
156.473964827981
144.1638056038403
126.72092314297511
154.51394642299746
145.75093666127617
162.25444954521117
165.33299338905437
170.2408531379237
171.21874498177277
-179.79632876790654
142.44987891465234
147.457746293349
153.70646779894022
142.91717313690793
151.0912430072557
160.05466417960352
152.1582551593951
126.01469524317413
152.53547284687656
144.81166270699435
122.2990723346872
134.2192004364635
118.14201430014234
130.07781085587465
135.9343292389454
113.79257715743489
145.8742898776866
63.211399523041194
103.30429576231423
160.1955709821809
133.5251849148985
125.67068593543726
108.9674993013061
111.48919148249648
128.52636070666293
146.2334212242459
140.70779818570557
145.53212472102564
139.78908310082548
121.3595661539736
139.95069903696634
116.26323416514693
149.920166092922
158.04766773350863
161.0023529269428
156.49736505607748
165.86763327652628
135.62138363155375
148.56180539154656
147.3284371519823
159.61981335590548
155.38002807013342
166.24061624672234
171.3264707253622
175.81502516108446
140.22504041516905
158.23925453972748
171.30854830898008
162.0712502112931
158.13822238152466
170.04888384111132
124.22021330291503
150.88196601108652
159.52662225486984
140.78347668170932
146.73317250543738
163.1153675693346
-175.84974984282482
142.46399008547758
120.65974497161409
138.23871212150263
136.04999166235038
110.66045730974214
130.7203130907194
119.94944627906779
124.25272500336428
142.06451964168022
117.79744491689353
134.9588826028192
143.5857120528688
126.65247098711325
151.89377657435386
165.0336944996244
120.68244852041522
128.55929587884071
150.07720580231893
146.95564542708303
148.1294680774631
115.13934019759967
162.53365401810296
137.99685512299249
144.38825928034527
127.46545474364152
125.17089367311075
130.7743398870542
119.50984164370743
118.19130094519315
114.37750089757645
115.78031247007034
159.3965481323161
154.28267621770084
149.84355869119113
168.4571628965532
147.28761994150233
162.61655885424858
114.28600368345495
133.8973619227725
113.27564795048082
134.01454064817324
145.30691972371199
152.84123309526134
145.53638675906774
145.99765675447537
142.20192938740254
131.75981324088198
124.14937058084365
162.61236511809818
118.0400942173474
136.43058346328183
139.5156433075932
164.10564937633808
139.86616861579824
127.81886239167632
157.2361319770844
173.2279817299154
173.21195810612255
129.84864434884236
135.95889059920074
141.7166307864948
144.36126637274538
156.25288526492605
133.92333030199688
117.07175097795802
139.381211524349
127.17539026996941
153.65841058794
130.95747091908058
131.3014255853041
144.37009097715304
152.6978674245828
131.9458949146298
140.48007967877734
108.13362882629593
134.45712324601172
159.53453161392872
132.2043492728231
139.30521883964343
144.33300304995987
104.79545583172224
143.66311175654337
109.09294255560256
143.80597199322335
142.9382237799299
164.1560288516561
133.7332734581521
141.74444331679507
145.44980728114865
136.8396708134306
160.56702399000287
139.3395746911686
135.77131994421387
140.6122438392171
145.77670013482546
163.57230722480847
156.70411488225378
108.16134573394784
150.7045313568279
155.4173618841367
146.41931165269693
165.28076976266044
158.16039317557053
140.76044528382803
142.75667735179096
152.6634022900309
141.37323619578322
174.84090358165724
146.3028842481049
151.6228366303578
157.8886472692524
124.19551533887626
114.92130689891452
147.02535433775216
131.8539195872664
144.56140457580508
129.23792981439485
157.2259276744644
163.36402743625808
145.85594398957596
118.20870426719834
138.78362461348624
165.53455227146142
148.01640112594268
151.60681300656495
148.53406116313795
150.06058112187912
142.67429161002227
160.51874821294922
172.0516455699208
142.76434082403972
146.97875878723434
131.88439589134302
167.51782064037968
115.9955180704391
100.87349290840922
133.71081579616109
150.1004011247403
134.46754611468515
127.5636728639063
128.82609672819976
145.51666117274473
139.43439137722672
109.81908045683413
145.5499924958944
124.0415355542275
138.8000580486293
104.21579816743076
104.65639318022077
119.35315710414733
124.22876469975587
143.52986842621476
108.49756862603088
148.19043434599462
149.26980914053172
115.57939562544524
136.50586580831373
132.73232289566508
150.68181414764845
133.27287772695823
128.570797917403
111.11285488941795
132.54592703321543
132.37925675708877
152.0724953041764
145.25525617283
172.993105184737
142.61858458715164
154.77770100798668
161.69281675013937
163.49964767241786
175.9009352804649
145.43215807233335
132.54084537247294
141.84074898409224
138.22380864873367
127.8004618620523
134.10042344679695
170.09841637297225
146.06758423119797
147.41974312080706
129.1210516173176
137.06767618830395
162.37567174260056
143.18320900507993
157.4765409754905
168.01933411037706
144.14311013065517
172.23205818665753
144.16569073605123
139.41028080945657
156.7412984320953
153.53889593784314
161.32383627079696
151.49810371573503
130.81489755034573
149.37690650671752
140.18410026128402
158.7857652959769
160.99362394518351
156.65205518039994
163.92486792938618
145.1112621247478
154.30886316297867
177.19998261908793
162.12341919617367
158.39063885249166
155.86319565202012
173.36853336265594
163.29567090304462
131.72044403050603
132.87204124532684
139.78025849641784
134.7693994948647
140.87075283892372
123.11642741228428
148.73602985689524
157.3072205859659
145.17322560089815
126.83808820799752
155.13404563736458
156.89407610345015
139.5346585542425
162.81310437780488
153.1947636867012
165.26081194990567
162.40420827295287
162.85517834309215
154.3174692013329
145.0750074806334
139.83414868896924
153.44111494968524
152.3331763040391
162.73565003261692
163.67776534559346
124.1248502017233
156.18568986387146
152.74226365418787
157.51679811045855
147.60148079424275
161.4905748488153
153.61920530210415
150.0312932707181
138.7077002306724
178.48031523938516
142.00170922207278
128.67555935889268
143.4849667626111
109.36917589620539
151.87961076201526
119.16897422298877
141.44126487991656
141.59856413650195
134.46236883129427
131.1544399143654
138.72939291147634
150.82520713908372
143.6683846625826
122.51957816185188
118.8034908005014
136.90779512021228
146.81904164368277
129.18052890461007
127.31405677049902
157.02723747150873
117.74248921483161
164.6406990751602
129.0527633859958
126.60056154942114
133.70322062580405
162.90044883691098
124.1648477895029
131.69276810398912
122.22088032906889
104.881379611481
146.53579369880234
136.09366389190345
155.96801173502314
147.64369136331342
154.6010586556718
139.30036940533273
138.92552862368242
99.00195277393402
143.3798228305279
133.00766148148662
137.53397320294073
128.29354687861385
148.79774744623546
147.25620107132028
140.93360423966618
144.9109873179047
163.53061575011472
122.86621026223003
162.78947192327664
150.23753766289582
141.39621295215116
159.65477026407763
136.8963613835417
143.98559230801635
157.37662896831156
158.6177563027729
142.40661649644946
147.19076785907154
126.3797278731763
123.55077280198373
106.73050306510021
134.48645207830774
153.0850025467391
153.31698309170943
165.78620376124138
155.07141280267558
156.4899338102605
146.89480210195654
151.75172229999595
142.11380628673103
166.97476595985032
175.96681928519882
155.0354177057496
167.49118290261663
-174.2581245209151
128.88113439253172
145.8074223257122
144.97346988843196
162.1328175364716
118.0963066742166
130.2593299632569
156.15354699363738
153.2711388620003
156.5784940430389
161.94713201369564
150.00707341992126
150.96593635674265
154.53636310385346
133.68701941709278
154.2883316143336
-177.88335670592608
166.70334790261236
-165.2746225924074
-174.58796801631334
161.9060962371622
135.05807060994613
-165.84029885946788
158.5445093541137
161.72745946960967
-176.22161266199697
-175.4975033269489
-160.95462356502273
177.5938523077659
166.66613703201412
-162.53227431989063
176.00099755180557
-167.16388023758964
-159.2537425371495
-170.595244333199
170.0691558425679
-161.84799864808207
-174.14860926776308
155.82829338536138
-154.73886455236598
-178.44179297246632
-147.60475928504437
-158.64834188987624
-146.20514424108202
179.7925175223497
-171.65183361666493
-152.20939961590014
-170.8258998214703
-173.24334965554795
-162.25933996065692
-177.44066482506085
-159.27957431259048
-163.15618477981462
-138.8766381296035
-168.58659498132494
-170.4794862871456
-172.0263875303701
175.67600349071802
175.9067136205027
-177.4106393134695
-178.84055307659
176.19449681099204
172.5008534512542
-174.6423226617283
179.24282389794706
-159.484766855636
-165.76985228836836
-173.39915993089429
-161.04181775996713
-173.39167404356394
-165.65936714835425
-159.39460835859182
-170.11864739329383
178.19485431321365
-174.20624240397967
168.43056613992516
170.4901004011158
-153.77916833246584
128.91544926292187
-155.9224680336375
-171.57275368645452
-158.99093051826574
-153.96568713832056
-165.69075869777961
-175.26865100861846
-146.40625233100388
169.6297014713693
178.8556751154124
134.89208335273648
-178.8145163954739
151.16951697514406
-155.96999248988246
-151.03684738070572
-176.47674754825363
-171.6123414628839
-154.6426954888522
-166.12316431375478
175.4797858162419
-170.1195626386426
-174.23305772666112
-169.02969667354034
-167.37022025241572
-159.0418700690957
-154.51365955505233
-150.55611134616353
-169.9012424720123
165.6685059414637
-161.11149934987958
-155.8422952731599
-166.8406620256863
-172.6999671259384
-172.06414481610193
-161.06639278060084
-168.64278011743747
-163.4886374074758
-174.2692987103972
-163.01322892048626
-139.18849090672794
-158.64846483328128
-171.21522060416103
-155.91357512733813
-162.92491457451797
-148.30052333503687
-160.86579012467755
-170.402728621253
161.2257001128022
178.9151933838399
-178.58500837898313
144.74706277782437
-175.11364669559418
-174.0173193715371
-139.45398035976632
-171.22579373699622
-152.19434587896944
164.30775467387875
-177.69556748488574
-179.03004984492281
-169.7838588409365
164.93957449286162
-168.32447964173653
-167.444956182314
-156.67494997449782
-173.94236487558538
-171.1905636212573
165.8389055008772
-179.35108239629176
-153.757038519555
-147.71165174555506
-162.3931297061191
-154.56632031355312
176.13952744855177
-170.51794025217276
-177.43134844703295
139.81701857453083
152.47923306925068
143.49413287647724
139.88978740994816
140.05054274225358
146.03647954971774
165.49036094753146
152.84929271848196
144.0230900465597
156.3168568166924
142.15695942190717
131.34377275815817
146.16693616286497
147.71279921733563
146.92351621722727
124.85794806571911
149.38254824297195
152.762276108456
154.95792237942663
154.29981999251757
136.7930616025344
146.87136089272508
150.60002946252672
137.26030118327665
163.09807353035615
137.6057721514959
140.84138302549266
174.92472366315164
166.2030638666656
153.53294001288688
135.48032656481465
147.91519138282143
148.23455736803288
144.97065585049393
139.89115344778216
165.65414888382836
166.03509585459665
158.9270545891478
149.48269247658268
148.2199817443441
146.20082756152658
146.37546183822548
150.26465351390075
130.93509521935962
149.25196868641964
130.93886548378146
148.45610138395142
157.2050819371175
113.44071313215252
116.90656968307043
150.67352229799607
140.88745948163358
154.69494643600282
153.10154526490888
144.75374270283265
142.35237113406123
169.91225273695437
135.14449982370346
142.76994157915914
152.73936765397977
161.6987999958523
155.6835616768488
129.91996518415564
-159.77351993298745
-161.36876525515729
-174.32646739375022
-152.91337355327502
-151.28037094537336
165.00436566732836
-175.82856259601942
-158.90425541769827
-168.81290646928414
-179.89346771828247
-163.1269379097886
-162.82333600118156
171.45236477214388
176.76160741777818
173.12772821327798
167.93660685914986
166.31957323352768
-157.58866536090542
162.5331895652394
-162.5602780954877
171.5418539106494
151.06601228846168
-175.39674437631288
171.6896728646668
-177.51100211313366
179.39639387124564
-170.85276978566515
170.4555259835372
159.53468187809045
-166.28835926902073
162.63621613867988
159.26923340618708
146.56312811586074
173.84798532163416
151.78269037769277
-174.6391807747101
-161.4145275225964
-161.98370084651188
-164.27460093564753
-167.00816558489169
152.92023106320173
-163.6903738748013
160.48134609705423
-169.3876259068057
-175.0455633699475
-178.3248601338757
-167.23801511084096
-161.84335411944645
-165.3073801796668
-160.02357315850162
-171.70284146938658
-156.59939442189912
-142.04024514936998
-165.39465633688124
-166.4475982993304
-178.68314453697786
-174.29682437275235
178.9361484042135
170.62807022235006
-161.1353640308396
-143.86946543174778
-161.74157064043493
-152.183239991379
-163.14626734513976
-148.9646226280372
-164.06492778850645
-161.91720212475263
169.61586350811086
171.08089810394355
-164.13168605745417
-166.57287762908678
-158.7269300464664
-160.63766180639914
-151.05479711784452
177.95751889993406
-167.6129788358963
149.5447788961381
138.93880651142894
165.64066609040674
162.11781844105425
161.28352449431554
-162.9074429506211
-170.72992200325328
-153.9180260782922
166.57331476119364
156.98407067595426
158.18581513966132
168.58356237733346
158.22347680274476
145.49627988826143
172.33169698626966
-162.78436294177746
-172.9091484994592
-142.56398405492658
-138.53727335050223
-158.42722134568623
-173.6479427412228
-172.5604810027084
163.67526549635724
145.67217091976758
168.91727175980193
175.348017806774
179.27719340985055
157.73614280546434
159.79891457632155
-156.38350580261337
-143.20971013905958
-177.04653558919443
-163.08736379373755
172.07015538257153
-143.95536189074986
-178.00139603516223
-168.485958974094
-164.44284215528327
-171.2485792480674
-171.92658480621787
-160.5338975725283
-179.43837221388452
-150.96170163945723
-165.50922593001903
-161.10768810432273
175.30539742635312
-168.51959082556712
-179.3406185464833
169.00103719978298
168.8812493421193
-169.59914320502267
172.65439610379607
-177.48728769633536
-157.29054126401272
-179.2353653313734
-158.82203360046967
172.46899744896527
179.07400894242102
161.96856514731112
144.88014218361292
-175.3530311656248
166.76241537855464
-178.86408990846985
-158.41076058978652
-164.72714194929588
138.68857570099635
-178.59166098323473
-168.1484656668253
160.15469913018754
-155.67054333629076
179.29695997730857
-171.97867182882837
-164.34641354458103
172.42070801153326
-158.36920571887615
-167.37434568667442
-170.44905096420402
-168.24232612639963
168.38076040049745
-154.898718299701
125.10305623427419
-131.72997897458737
-151.8145053988467
111.97477695134936
-172.78836343417672
-155.94828614870016
-173.9079953636819
166.17066144924306
137.74187050089756
-132.40756106100932
-149.2957638593778
-167.08616634521323
-176.0933963508975
-168.17002174384587
-162.40952216012715
-179.87027239586112
-160.57430497165808
-153.49652144423237
-164.05745556155446
-174.93093913529634
-171.2667748720163
-178.51667916652633
-142.3522618510345
-177.27933575686515
-179.3928421728772
-157.24107703404349
175.1411860183277
172.00920277441833
-148.13983630462315
-168.62515822937883
-175.92705392385102
-168.91962134487642
-165.58441265240253
121.86683064325211
-177.58572438265358
-146.9824607497645
-157.79549714935177
-147.460437387882
-171.89426435106537
-173.24293984419774
-146.2539391125126
-157.3252386249964
174.0898423201443
-172.71756169324036
-173.5146311090025
170.03714957611723
177.71492424099355
176.19162813154063
162.67883651910077
-173.04523318848254
-156.3812245194306
-152.42211902741104
178.68791200901853
-167.2560604706281
-178.0925790605819
-163.6472753811385
-157.18612133198155
166.30438289281358
-150.58895089569296
178.27409816796415
177.4248051258081
-166.15881790122225
178.145854536108
158.35503990653754
-174.0797746213077
-179.6528264934446
-165.37219867489023
178.97340025594673
171.8067696277975
149.490820401695
179.31613914849797
-175.23025168510466
-172.03279424781155
171.7692309081191
-159.3158289567049
176.18238005540442
-177.08664246000075
-166.6003623103069
-174.66087345551404
144.8447071621989
170.89138767523238
170.34243171126013
175.29725584086248
145.88316912360762
162.7214159183866
-178.96486251948423
171.58232961167087
155.83151723464962
-161.27413981439594
166.01572543811048
-172.41736121883997
-172.28698656796274
-171.14023878745263
179.1235141535253
-149.82503521816207
-143.66471002080914
-167.76835197913576
-168.18161940505655
-172.33616392998684
-163.8383567533588
-162.01857579241397
-154.52158257448954
-168.51959082556712
-165.0951662021545
176.7531516435857
-178.67810385737042
-176.93387844902426
-157.54664603713152
144.98012249268356
-179.93147089082441
168.584668867979
178.16388623551683
166.28811338221058
153.4697334423076
173.71344425536324
-169.01676029525234
154.0031848768639
137.48036987833444
155.61584718141728
139.30278729229892
-177.07490819500669
170.9496491888526
168.91497681624082
-176.82596146013805
-142.4434175556975
-167.64756691385327
-152.9763069162875
-154.8841836571472
-165.97341924639142
-175.62932597793016
-159.6125460346286
-173.77174675011847
-140.2394247935611
-148.81308805111132
-148.37161194391837
-168.12874008050233
-154.0463789931751
-164.260640028984
-160.22801438073844
-157.1492383104635
-161.038798816354
-164.04466944742822
-172.16326452133714
-171.9106977862084
-165.65793280862854
150.51140092785664
116.5300486748843
146.55419422842635
170.3584280142963
164.61802284711575
168.28909926183587
166.29191096738913
-172.96812035275312
-146.46368056154535
-159.0983557335317
-149.43265451072318
-150.71055558367587
-151.11450663156876
-159.82365352149534
-170.23971932652148
-159.23620261136088
-148.1630179666662
-176.45922128284337
-164.8425311651341
-145.75235734062355
-158.94988108135396
-141.99916839170155
-152.09768504183543
-159.475887609715
-119.07163036693775
-159.19580887260943
-133.83837640910025
-176.01478087355065
-167.663385631971
-158.6753621182328
-159.1735834370502
-161.30823611873265
-145.07738438646453
-164.18365013665962
-174.35149320686915
-154.05715703168536
171.96820797901992
-154.45423690927322
156.3784378022492
174.3936627948048
174.0984756792552
-174.76743806694458
-164.0307768426564
-154.13308141449923
-151.69475852231804
-152.64236530738725
-157.5405671687702
-170.79198110205203
-178.27433039439595
178.91015270423242
-164.18082243834326
-144.31046342569883
171.49215745424837
-145.213031943381
-170.85834322002788
-170.51063194976086
166.1683938264386
-179.57295426129045
-165.89483108980127
178.55979132056746
177.45547267518145
-150.0988301812312
-154.35655154376371
176.81414523287393
-179.74055344314422
-160.48385960666877
-157.64878468597988
176.5880249902115
-172.34255698705
-158.23786118113682
-176.07255061355062
-166.874799311158
175.37339878972978
-164.77167478268436
-176.45326535788712
-156.36442225407234
170.67325875389886
-165.16838583005705
-170.933475300898
-166.14294454159113
-162.8534571354213
177.8857609325139
-152.2318709382695
171.57265806380613
107.49071678010097
-144.4590200401466
-166.87188965057157
-149.9350422449343
-152.36328377790053
-175.70512741733896
-150.29191962906745
173.98017680283058
-164.76550029167467
-153.56623035490153
174.04944858139285
-162.51306782794455
-142.20852735014077
-151.0070404351678
-179.742834726327
-161.2787297015182
-140.8446751766726
-134.3460233889723
-163.2959441106114
-157.15345936737057
-169.433797985595
-178.0031582239681
147.85519500115205
170.9027531100113
166.7894765880462
164.0477020514197
155.2861266294241
-164.02068182306311
-166.40242342815992
178.29865952821953
-173.33058483162733
-164.32672893939306
170.9400186221229
-146.51927830138925
-169.22286808364666
-161.11296101036197
163.7949030898592
169.56473271198413
-178.44580912369827
-156.21422639422377
-158.44838127173495
164.0418007679768
-160.91840990204332
-168.61280924735945
-154.53912250027815
-161.89522257600353
-156.8012538326297
-137.49991787973903
-156.63329948093906
-161.99844039474075
-161.566854401466
170.32691352146585
173.86239702078288
-177.40308512424744
-157.87713157031175
-163.1786014606706
171.96598133735048
177.61435653565428
176.21224164245572
-168.80547522346717
-174.7137937612033
-163.10907013491988
-159.36029348820168
-160.88783797531835
-156.91246297269583
172.48678326156397
177.07370608171274
-155.20512058586775
-146.64156600828915
-165.21698945619084
-147.75731839034577
-154.26800497136367
-161.69407350494666
-149.46045338064513
-151.72574026039322
-165.01887298912547
-168.32587300032722
-159.84944431580132
-157.68863200959774
178.99225157805597
-178.9266271205105
164.68610617276244
158.78564235257184
-159.1773946826071
155.75146741757706
146.3472121758183
-153.39628158797328
-170.7554532503708
-169.63116313185168
163.8440258103699
-169.58776410986542
-176.22441303955668
-178.5947209079829
165.55457838610792
-154.55285118050986
-154.5738198612618
-152.48012099384277
-147.22299269157566
-157.7862900543506
-151.0997124418265
-151.15063833227813
-158.04277731806292
-175.74089028783314
-145.17843020504571
-158.1339740038609
-158.03675309121496
-150.66893241087382
-143.44884872228005
-157.73324680525627
-176.96261988505165
164.967591928837
-166.32566576226733
-149.57936697409505
-156.53490377575588
-144.8538186345517
-151.30470007919695
-142.6256333423751
-171.35980204851185
-148.36658492468925
-131.41609080109026
-166.3233708187062
-167.84639372059232
-150.10649365347996
-156.72595782721947
-168.89041545598545
-152.14919832855566
-150.076645726807
-146.4025776892304
178.44039961387563
-162.45319438968022
-155.33948406722024
-140.8488006109313
-170.48546953285853
-159.07472327900345
-168.59141709487898
-143.77876051957003
-144.2742087815844
-159.39038730168477
-169.41226922933112
166.95303229791134
-163.5972647360357
-161.14110138974243
177.78635435933353
175.50546732752113
-151.12514806629565
-164.59766888338913
-176.08458540686817
-164.6790300967823
-162.68628142529607
-146.78155756551774
-172.57635436233952
-178.2409717504896
-149.69281641620896
168.82089779061306
-174.32504671440287
170.04794127500585
168.324097151143
-174.06254888422092
-160.9250488459166
-141.79485011286977
162.31638570060485
158.9643610823944
-171.88388246352693
-172.96761491875452
-173.76419256089645
168.13598008102252
-172.03224783267797
179.40323772079398
-162.92804280115783
-160.9521237157865
-152.78612712903768
-143.68454489015886
-162.2976983030357
-160.32608223684147
-156.0311363433324
-166.4324489397513
-158.54685893918818
179.32885696073254
-155.018519817743
-156.69169759834267
-140.83967547820018
-158.0903154346862
-166.85766919671963
-169.0076351625212
-151.93482601126564
-175.85570576778105
-167.30322975703623
-163.98721389613007
143.05574401478916
-159.30383514452237
-158.8891197184975
-179.75291608554195
168.34894537934352
-177.95234161654318
-165.5655613302933
164.11339481085687
-177.4896236210315
-162.28667437771531
-143.93297253065057
-151.69469022042634
168.59876637842592
-157.4515971246416
-162.22047618427953
144.03337631144976
-171.48285473659882
-170.6135082590396
-165.81810074466534
-159.0468287864331
-166.2414222090444
-160.1367084119137
-158.79699412697238
113.57875125527848
104.21993043187862
90.8523759619499
93.71647918661135
156.27524730426867
122.72213425187779
127.2812855228613
97.8586883899006
130.99141695925553
110.87870917448073
158.99394946187888
136.2813301695387
159.6437463387572
126.33138379423094
79.85516351139324
121.08622198338969
79.79396501642994
95.84327715074826
96.24122446236072
110.75151739175676
112.68129171909548
124.04585223378294
103.65348918363112
95.98817278380092
129.23932317298554
88.04775002458094
96.03519180604728
112.83818116433068
109.78445139774216
87.15677233792027
90.54613760032322
99.97500201366155
124.67485801482775
117.88544507415997
100.02376956433544
78.68983078615152
83.39518225631916
127.73584827250399
111.70755263026179
89.94076427380665
110.36145894863567
135.2780573427339
115.7824161683347
122.53512367240283
110.04242081250437
92.76504749560692
57.843635816598216
110.6462095351335
104.61194913929151
61.13217382647343
68.9826976358377
92.44725928409373
75.70087170346224
120.15996636966592
119.76545464320598
78.26780705771478
82.30677795169929
112.14840719024025
128.18142249319894
116.86321164221918
103.95429754486766
113.54427246034825
112.99612245869805
98.00197209830914
127.59457263971144
85.35213390636537
55.97774424856662
71.24377028886789
104.3030948152127
110.9440194433244
93.59070125304557
98.1846523378503
96.65330343536593
117.39175900095145
93.49104196286592
86.22936242222677
106.46154387596344
94.40589116067576
109.96283544829538
103.58068619726797
89.48504722219423
78.41187623787785
110.23878875114224
103.26431866510214
131.67701768776308
100.35872204123287
93.87853225485908
118.96003873627808
102.31482674782198
124.10307555864931
91.30286791884727
124.81893402518
91.56287956017131
123.05705940801853
105.94970315994104
132.52269072965905
105.74685337178083
104.27597896420775
106.82646722293889
81.17621088933292
93.78307353101899
100.38572177902192
110.31521856795469
136.23707054371704
132.9161506069868
86.87470601576626
91.34870531836722
114.72163314871837
95.2720889210276
128.40736515094295
102.00746140498224
75.14289988978557
72.4465529413288
69.09722624784048
83.02446007873837
104.19953548701696
61.02913359265461
90.68291896864189
74.9132074581872
105.00990328109313
110.55507432103802
149.5378530843197
108.88673914455988
123.91770422457516
134.79208938328748
114.26873696523316
130.32932574187117
126.42579066893886
138.24212721608765
103.6558182781381
113.52520940237474
105.00486943167483
135.91816901136914
161.6327520665783
110.61641624997391
66.73253279491202
127.84978948823814
157.41935863175917
107.54105527428396
127.19611306391124
126.97099002886762
76.86983125915324
105.95209372615054
72.36002127473391
121.49005008787752
98.26169687168805
86.80204646337566
113.66335680852742
94.96672482361468
90.93745962844076
86.17775351285816
111.17350696924765
102.60215914582608
110.7832367902623
112.60162439261646
75.96037108059853
97.95271960420418
133.59613691999658
104.36145878167046
129.46265669846662
82.02169268593212
63.71688133294633
75.27733850321893
106.65260475761622
87.41516522441103
66.83424114184268
65.80545755848784
41.3377323664537
54.209029196951384
93.55139351437215
80.5445208439443
78.4719955629523
81.37647886598687
84.4102303292531
89.57538330415682
85.74567574596315
80.171367119019
65.49062681888527
93.96666901590892
109.38534978415997
92.62067095693119
91.59343099632878
96.50475365110732
104.21199375206307
105.95403349987482
102.80358825463892
82.1588155637093
78.827247362063
119.90326053990016
120.54733371825402
129.5741527064779
89.34214600437922
88.07435361139814
99.15953206827538
89.70866078543128
108.71864135889669
73.50596309292196
103.0675135943574
80.499352802963
101.21738610293019
86.26061736786876
90.92511747661054
81.35161697740803
81.86120373100434
89.21058290058643
118.2182801924147
91.26323233109369
99.67833957725122
75.61951049006905
79.41335272493097
85.3607126239629
140.4065185414163
107.4349073043928
96.76755883980191
136.0904400426152
90.77505822054536
104.48263316773566
99.52288447174172
117.36454752729813
96.24937287804055
120.90535857416775
107.92410594331662
122.92205388888407
85.80539208987658
107.89368428075338
65.26096853823277
109.73722063963153
109.28032196529269
79.53964975287369
110.69081750060285
126.14195532778982
129.4441878669509
142.26923407148382
96.19716974221414
89.99897797610267
98.61098591565332
115.7473636375142
129.40031073172273
99.6498030468989
97.7571507976992
101.10382737778956
86.59166297656094
90.89163588929914
113.90043267461857
72.44406675247092
83.82474651359959
69.68626176186237
65.11498690510209
94.90689236648537
99.01152869915038
97.37635409109265
96.12065113294248
113.33980391735474
108.40298416640455
91.22608976238716
81.1230788477794
111.1755491958095
59.148345382043225
95.24564242856133
68.23483973304549
98.91434876763944
99.13281919843146
168.08969871920652
132.08734813234076
75.0341769385773
111.22852414301211
86.33053801440218
90.16000651597489
137.69011132736722
112.4879563844491
87.74815743701666
115.76973933723517
88.07124587532577
94.872447722501
85.56686139349222
99.21039648702447
82.24517647557494
134.49492151287856
118.45523311510078
114.71603239359897
122.71593244011142
70.49569382002224
102.51439121499142
116.24798918291945
108.58309625481779
90.48815612445898
106.3570761326081
113.41932097967204
147.16158929093726
79.02265907421707
81.58391854126933
64.86324662286293
88.32153132727173
102.3745226011679
95.64439570249583
85.38518519175905
80.61967341538194
87.74351973857023
97.84401031337426
80.29343625986546
99.15766059644281
50.353967976558636
92.53431004506555
123.89332044923822
103.47227060457234
119.91345118214183
118.62814618412882
121.24868486298762
103.74482247321254
126.43643210366574
93.5815624599361
135.99759045103804
104.89940448070067
115.50633992208279
91.14930477573787
48.97251440559937
55.38274256430471
60.22987168616889
118.28800276346219
133.32135840968698
82.46026596272782
105.93436938525436
112.03795620117198
99.49802258316288
82.03610438508085
134.7022997164585
94.23536865785722
114.77458077516431
84.52268256374818
104.26102084992542
110.17562316169796
106.94615262776502
104.59283143980464
123.09983005260115
101.56351959949893
77.60072297204714
142.6075470014529
117.99501496882532
126.94297259289222
127.14831540009949
71.33361459721024
93.57493034625202
83.24496590590307
131.13827968678916
124.23732975697507
132.66952613643596
62.98837335607277
128.87735046773153
109.79012728494244
127.28363510793578
104.12282563244855
118.17061913238635
78.84128340080738
73.18806559838207
119.22739966114906
99.1109011213849
108.30781231050959
112.8460085611195
80.56569443037134
133.1882653435201
99.5902642879039
81.69971756845773
116.08824471861121
135.20777469617445
155.3868036177901
148.0454430902936
123.01446634835433
94.68109997290308
80.29656448650532
109.57710734510809
90.78698373083621
89.30904690766134
110.70170482213986
110.61055594766603
105.74417593762618
99.92810593482024
142.57664722564778
105.14518883798357
116.5166341833544
115.87771096763473
124.68431099663904
106.80891363677196
134.92787354398732
98.39655895684994
88.80157751270772
116.75627820057346
102.52341389488501
119.52053771994767
95.55667558298536
95.68546562997513
143.56938790075245
89.67112206575288
119.08852825494436
123.78599085662063
125.99554339274141
132.081050697926
109.40147586079037
108.87645287966984
92.63500069380987
105.46942474807325
112.25632417912645
143.78078225556433
84.06286056844458
88.94266873039268
103.00530423139692
116.4997772764828
102.18310654967829
95.07550924652547
97.4021039042636
78.69269946560293
105.57125603840896
117.75218808345302
93.62044672688097
94.07985891083437
80.44862498799732
113.35133327667373
141.03939020953135
70.88030860237484
88.34745189517193
101.01149688058932
126.10366528730272
85.77777080487304
106.50445795451864
102.01851948124849
102.47928404265755
106.8537265079164
103.23980511617097
123.73641734362468
105.2812735270069
126.2901431120224
136.6553103473536
120.32786607984318
82.49744951256936
110.49776220371244
87.9581994143729
57.302712155089885
101.93547804131948
98.8957501625295
124.14961646765377
68.18863350331036
67.73451471596373
64.0066589386733
111.6493525883441
119.82796453448994
99.85827408074603
115.20929499507893
119.99188907457025
90.28767641194077
113.0037654403793
134.92885709122783
142.3107206405025
131.9394472160533
104.4638091663831
93.14891778733998
111.33137313153416
90.82087512949781
117.92612568085657
126.28771156467788
113.92788320489285
129.14464309071082
56.68775948826237
61.57074710326911
79.23148527790104
124.18756499868236
96.67117121023468
82.8312613478754
78.98626099613007
108.86217095411534
74.54357811087363
91.00875997318651
127.28169533421149
136.6099169101297
118.19938788917044
102.79159444245639
109.23077577305342
136.20435393759269
-157.97819104927126
-160.54638315833108
-173.29896105577018
-169.79496472852694
-165.95096158440043
-143.20812553517212
-154.56311012464323
-168.86997952998877
-164.44577913662638
-178.1651703110808
176.06647174518932
-166.3816596530831
-141.67630534963504
176.0424431396892
164.02219812505888
178.32322088847488
-162.9898013716331
175.3413242213874
176.25544941914524
-155.20782534077907
-151.22940407378672
-176.72152786772855
-179.38039756820945
-168.44454070696702
-172.2339296584901
162.37201076120544
-148.12184558634934
-177.14274563384325
-154.69761020977913
-170.793306158751
-152.0941606642237
178.1248721949777
138.29387272923967
-179.83929065778594
-170.00133206410968
-169.55465135276918
-149.84288933265248
-161.9483477873679
-172.34606770428337
-174.66946583348994
-172.19774331626738
172.44770091913315
-143.5416983138572
-160.70773954728347
156.3551195364228
-158.05009928085315
-173.91945642110917
-173.513606580627
-169.33432311052292
-160.56273463120408
-170.35076454204753
169.75834125419732
174.56981337349944
175.35021712768676
-170.0476817278174
177.09666917770232
136.32823990875838
-148.95217802336944
-179.19303181889768
-143.043162806338
-149.58943467293165
-150.1547284493986
-154.24244640348948
-158.3315713765494
-152.5001197877326
-171.51794824855435
-153.67112840017458
-153.98449747929476
-151.62315081905962
164.92034068015886
-155.1992739439382
-165.0810413709509
-164.08871050719645
-173.29662513107405
-149.10526988342613
-164.39320034039562
-163.55229477054033
-151.37081631036267
-162.6362297990582
-143.46999498795043
-156.51235049111648
-171.8129441188072
-157.88490432558723
-176.0004647970503
-176.36040210593163
160.63361833441047
-177.31963387296824
-168.3180456035384
134.29927757429272
171.2499862670364
-169.07437977109058
-155.96797075388812
-171.50562658729163
157.7349680129271
-179.2435888791341
165.2655384408113
-168.03400535671423
167.89755183747573
158.39173168275886
171.3040130633712
-160.68897018744426
157.08709724939473
-164.54741235147617
-161.42466352332468
179.39476828622315
-178.05509498241688
161.97994424246838
-176.2194406618409
155.530906948899
-164.8542107886148
175.93239513178196
-178.82663315106151
-173.89331045696636
168.78413771250007
-162.83695539838655
158.2975570344827
174.32052512917232
-164.5556495596152
169.38039956666384
171.09331538785466
174.06611424296767
-147.35499292747534
-158.50057757737218
-174.70775587397702
-160.914339109298
-155.68587028078827
162.41852434945324
179.13497521095255
156.69266748520482
169.97178466576023
169.7485740836842
-172.69819127675422
171.0907062555917
146.2566985089373
162.790209583707
173.3867836281182
164.90937139635182
176.87463338816357
155.88316712515325
159.78171615999148
176.96455965877595
138.9999913460139
-171.87414261377052
-156.25050835909488
-160.9182323171249
-168.1019110974425
170.74822691022894
-174.6649442482594
178.76901367522328
145.1065219734638
-178.40824308326322
155.96332622525253
172.28204151100365
179.2294913686872
150.5804268196088
179.89346771828247
-173.59712613379793
-165.79571138456603
-161.69132776890032
-158.29228412844347
-155.3351673876648
-142.2878531671613
-130.6564644823581
-149.9687014171641
-152.48279842799744
-150.75966464380826
-161.07602334733053
-168.6938835928075
175.57911042715222
-149.82828638820698
-163.53363469372786
177.29643855054687
-153.67175677757822
160.55319968712274
-174.75902327388712
139.5644518394021
-159.75149940310334
173.73405776627834
177.90800002845148
-167.80121884942187
-165.66540503558053
149.17101728437666
152.17949704771382
-171.22718709558688
-173.79584365751026
-160.4278520554747
-160.09639663543228
159.76376642285268
-179.60933184880994
-138.61297916726264
-155.4254761488707
-151.5482646249996
-161.84829917640556
-169.92538036053915
-151.81495619133193
-167.979117956544
-160.79114981742765
-157.95938070829706
179.77100242646415
-177.0527647217175
-162.58773545595113
-170.82021710408085
177.13980865250014
-158.11150268149157
-176.47535418966297
174.44391932671778
-167.68513295428832
163.05951028230226
-140.49383567976574
-161.13574652143313
-146.65183861280084
176.96849384773788
140.34575717855986
141.6739694249389
166.99505162168526
-178.91863579918157
-175.97289815356012
-155.0085204207981
174.23244300963583
-164.5571795219893
-157.4853792402765
-171.7389595097176
179.04920169535555
-152.77355958096487
172.0454983996678
-179.7982548812525
179.70063781763469
-157.47979214553544
-167.56538607775965
-151.1141787824886
-171.79666094782587
-164.98036438258492
-139.88563465493277
-155.86029965181206
-161.08656915940904
173.89802328749366
150.63166689876223
176.3225082164164
163.47388419886857
-178.57522754809168
-160.52459485487873
-152.3731329106837
-174.39108098329854
-140.7588333591839
128.59183490004665
-158.40380745721143
-138.64192550896516
-170.1168032422179
-165.3883725628448
-158.47605719825182
-149.71509649328155
175.41853267976524
-172.54299571843316
106.65528219177087
158.23708253957142
175.36185577003246
169.10624943375785
151.34114596860815
125.96547690001502
107.62485486521085
132.88887083144178
145.15429231651888
166.9956799990889
121.41890683748267
145.61427823636257
127.28681797608901
117.00751987900321
141.8029507172254
128.43536892654
136.29899303873236
127.48742063201229
129.36574997452246
113.56144355592167
123.1850708134429
116.5156779568706
153.33498747036157
173.9609976316412
137.6629408348489
145.5963694803588
137.46752912269483
144.5498752164861
126.36224258890105
162.69147236906528
158.88517186915726
158.65315034305192
145.82355523253176
148.7211400445046
147.5517706774634
147.56642826342224
135.50595343458053
144.95024724525393
136.5498522265686
125.63624812164207
122.02799578690772
136.79838915008702
135.53218136099338
114.6227729906716
145.96533629932287
128.31059503078222
132.2081741787583
107.96525100287677
150.90925944700987
117.93359790780856
139.9962563987303
127.33247096050137
88.25460230359477
100.89496702315974
111.11122247420631
123.19274794607
137.05157060224104
142.2731136189324
148.0284495796386
138.78055102835975
149.03483697270494
116.9480972332241
141.5450291137874
158.28815869418477
122.94250347525907
128.31931035216314
126.99642565333674
131.03783492485496
122.19166077979958
153.3012053547267
148.304184316432
145.01824860863056
148.4521671949895
150.93184005240596
149.8298983128511
138.67078988839765
108.43581005555563
151.64357308467797
151.7905450952383
129.33188589661754
148.151119777132
143.2424813866973
137.01053482570762
147.22752793718456
153.44877842193398
156.70635518430151
152.39410159143563
165.05594725594028
143.19615904374626
134.92918494030798
122.30904441087542
131.38367472328937
143.08112499774492
143.05833948667376
155.40543637384587
137.04143460151275
120.3174295507914
159.75431344104138
157.71961374767292
146.00635841547796
170.9310847346885
146.61093944005083
162.12300938482346
161.0584287800286
161.00071368154198
159.71262196634763
148.8047278995672
151.3455036292986
152.8685538519414
145.3369179145467
153.05518194082282
151.63121044228023
164.76999455614853
139.06198214292095
125.84818889158755
141.47682284473564
141.11575172445208
158.44081342213457
134.8053126295206
151.60760530850868
106.43274779842268
132.54385065570773
134.96456532020864
125.39303874567625
141.45351823928755
137.61309411428616
148.88634866014888
156.70863646748433
136.4121419525228
155.06294336810475
155.00748223204425
157.21566873033103
152.5466060552237
155.79680621328762
123.74046081561333
146.4503890134205
145.25817949379478
143.93600513464204
130.99470911043548
137.1828468380887
157.7542837878999
155.3153051975584
153.2700050505981
153.92366781454663
144.83009055737506
152.2149047483712
-177.64880800982783
168.35807051207465
139.45914398277884
136.32089062521143
119.23431181258911
167.93319176456484
175.51908672472615
148.97469032687383
157.41277432939927
152.08652451273161
142.23043859699817
147.56290388581053
143.12005707601398
135.8288711181604
147.67420864852505
130.72012184542263
141.87716755274676
146.31205036197107
173.60112862465155
-178.27092896018928
147.08326068153553
169.71873981738958
164.2464059147537
152.67969912139054
153.8142755047997
170.17431343502943
162.1066032704371
172.54559119031777
154.29777093576658
146.97479727751573
151.2342398477191
144.82804150062407
164.14772334162535
136.0298289439205
159.55675704948794
139.64297169410057
171.73207467903424
147.31295994332308
152.84884192599674
148.68763113643652
153.5397019001652
163.44672736672862
159.67911305827954
143.13150447306293
132.21549614154856
127.80342616415209
155.25996700490296
144.5978641255946
119.82536906260533
131.04026647219948
153.5201812195173
144.42473249051315
148.99871893237392
149.5218431209052
135.32107387412663
167.7006511440826
146.59257989156183
160.9246526949447
153.75429278350865
141.9672167667642
146.40438085917128
151.5955022132994
156.03324004159677
163.44400895143895
156.48384128152085
152.74793271119898
125.58493974059692
139.75770521177844
128.72906706085055
145.41657158064737
138.98444583546296
155.38442671195892
127.73810223493008
145.06231698915548
101.14986285279544
140.22603762278789
128.7045057005952
107.83469876708115
125.08361751589634
118.92166673352095
125.63053808349594
120.0014649997866
117.11479483010744
120.5316925850547
139.89885790116594
133.86635286394062
128.28505012328637
126.50275324050656
155.80030327014265
141.6829852746433
152.06132111469427
148.3130499019747
139.8142455177278
155.78641066537085
136.2133697872971
147.28237435621975
144.5962522009505
155.5289535147964
143.62792262193946
136.03197362331989
135.31551410014222
100.40466189359037
143.37546516983744
144.70903228452576
139.4081771111922
131.5805071147908
164.2079382893482
150.30342166762975
125.40418561440171
152.20606648358518
148.52740855888635
134.1018987676577
144.48098592851736
122.78284097322086
144.0273520846018
109.14402554040508
116.19793755668161
128.99775304242053
130.72875520453354
155.32647938704054
129.33265087780458
134.0459595183553
109.85900291253284
153.2907961464316
103.26035032519437
129.01963696852124
135.39612399272673
145.05412076215148
147.76652548534693
126.56860992448382
137.17078472401445
170.35308680636535
124.14248575016028
131.0593910018755
121.31862600008854
177.24500722609667
142.65090504230415
151.05247485352672
103.31998470683774
113.13809477078593
107.33943492017436
91.3347239211362
101.77151935029332
112.12974711342778
89.53026307449971
128.95752322820914
104.75627786664305
115.02819935942522
107.64394524394103
132.43340649682864
76.8208246518584
89.1458600280114
109.55178100366568
112.14446617108916
115.06419445635119
81.73922338261707
83.26417922803832
126.53316124269146
82.46802505762494
102.14317043360123
99.94471695488171
85.28985624151318
88.05621262896258
106.57040343095511
109.04126534434225
123.10780771355172
114.7958363238614
99.90301864999878
102.16261598216825
82.16990096073224
60.656212094161084
107.15697324668663
87.66442614798147
119.09483934973746
121.47592525667393
87.7195184538268
102.79276240480446
