-82.56384578149105
-54.232084500494764
-89.18793399329867
-72.77522164418981
-49.69003943828755
-86.24720287633885
-74.82479065938139
-74.82347926306075
-58.748936409948385
-52.86884704405192
-63.22640544864772
-83.03152249434017
-71.78924968655262
-90.82308128059972
-46.14623676856145
-49.358081999341174
-86.77297717826809
-70.62031745161829
-59.97625310190798
-32.93473163060002
-69.99030080257633
-87.31892785900556
-75.1545726830771
-81.06764503247557
-72.03194679833068
-58.939362084008344
-92.78047006275281
-80.90968324754068
-89.22162048628518
-87.3189620099514
-65.26057238726091
-87.44632454740463
-72.43843184640565
-70.26117927486986
-66.11542520340137
-90.22561731314202
-80.10423318966693
-84.09178641957959
-68.82314441682621
-68.89582445978431
-66.8029861962007
-49.358857225811974
-73.35117051576196
-83.54304902166076
-60.68532236040368
-97.1472968670871
-99.21677588370926
-86.16244705892817
-32.301556019066915
-84.03469286830745
-68.6349863655707
-74.28376454503551
-92.80581689476273
-74.12096698616826
-81.96991302183426
-89.08197726870426
-74.08238324754686
-89.42106884023872
-83.63874680212182
-68.08452775998103
-88.71198592136467
-77.86235336820448
-75.19063608189478
-76.72382230526588
-73.45632810822349
-93.27265349434393
-85.77201295540273
-81.53928325504329
-75.19715891255214
-76.57129735091033
-62.03573955177441
-67.25148373786043
-64.01004671250162
-58.13286017700241
-77.40519514667719
-29.237318006440336
-63.08260947605144
-67.32542736581497
-77.87175853869158
-73.74858507261916
-67.65978561625461
-80.64043719045878
-76.37604273310717
-68.69955214379482
-69.13003164642404
-83.67607378593593
-69.18218014073709
-89.07670436266501
-94.25768288587565
-74.22445801247228
-76.37984714847487
-81.89973282811238
-70.16953179658663
-46.634540652704004
-55.89194682730751
-42.56987117196732
-41.40175172954423
-79.1585388575653
-67.22691554741589
-74.11626098583011
-81.39784369771067
-33.17594659132819
-69.07810854835361
-74.61100573835999
-90.60913243503825
-67.08023040480069
-69.97778789601686
-71.10795197722219
-64.16447728963561
-73.41251244469785
-80.86441275372184
-72.33156670665163
-70.06744095906245
-97.84120993581455
-47.73300924106589
-84.67664185782944
-48.39044568453088
-71.01037589473938
-77.11172923879842
-84.08380875862902
-85.77047616283947
-78.08805013913837
-79.28359962126824
-61.65890435488647
-72.85243010256764
-68.63871564885751
-78.54243530386265
-77.97048892314412
-71.01495212148329
-75.9996924796503
-74.35240111600497
-74.0898896254447
-82.18539865995899
-72.96363241244461
-86.05279520199278
-70.73236670495236
-63.89255379839906
-88.19760437497101
-79.17822346275328
-68.15858067096231
-89.79623064078001
-85.54719727887175
-60.78092451821635
-68.63482244103061
-70.74571289459057
-43.27025242983877
-43.15744844060142
-72.2436553418444
-77.98804933950022
-58.849893436070346
-56.4298276395406
-91.3321967511433
-82.15638401636477
-81.1037152614824
-66.92645552582702
-72.23487854876093
-89.9029864975073
-69.69452629075809
-38.072177943135586
-81.65802609376397
-77.13752686329356
-85.14894943893582
-70.78012338762909
-65.69769083376339
-51.551143043710965
-92.99207615342897
-66.56080817879956
-72.0653327629937
-80.55831782606772
-42.173402596310176
-73.19199295715482
-33.260439446455834
-54.75416708517761
-77.62414369071111
-71.85773599336034
-79.49030163612034
-70.86599252587449
-82.57461698981217
-83.02228124839314
-67.61251387700895
-100.607689266669
-92.51030876032212
-94.45484995664641
-56.76731753171468
-68.81110962350864
-41.22452539605533
-88.17830909056573
-75.23652812292809
-75.51188719931716
-76.54187972615509
-74.08760151207274
-64.26869231599166
-51.912285880980804
-90.63378258775282
-69.69058527160699
-66.19936822830083
-86.08967822351084
-78.77666298106989
-84.88369221232921
-83.61522363062029
-70.33288943096582
-72.77753707831845
-73.06969158987657
-63.399427800702476
-44.88748071585229
-42.07151324936651
-41.84390744055959
-60.36864063953604
-33.16985064749395
-35.708987131824536
-24.67152608403628
-36.38580082196485
-27.49851576829517
-14.737688709885981
-42.42905999203834
-30.245327569434572
-48.28263456357681
-41.5069878691812
-43.270761278931936
-34.24599817764824
-30.476088925638038
-16.998136400607116
-24.57546459600193
-33.28269561786632
-31.588696005581852
-27.46841170952834
-42.3411042310015
-49.84759141187223
-45.57361419911509
-35.48863156882158
-8.851128593524573
-37.48104214594391
-34.65274960310084
-27.6508187415027
-35.56781053677496
-48.614308549672636
-16.916606140031966
-12.328512796214172
-28.83139986406648
-20.51593483261568
-25.854562659606678
-29.890372883552764
-30.733044057308504
-36.62489159386115
-47.27741854795312
-28.04017538268657
-34.411599529169784
-29.131248583724624
-39.61803758251165
-35.304069612164085
-19.923082950395035
-9.498914833465983
-30.954004092053
-35.06308687786769
-43.55840103544868
-25.63943560641337
-43.845142622089575
-52.02895575728837
-19.062590105547443
-45.74067038092985
-14.32623640673712
-49.557315202335865
-43.22959572880427
-20.590067998319707
-28.2012022150115
-41.02020028703439
-29.27284523540816
-33.14946936301064
-31.47065667634569
-32.43841251946646
-26.069341373152316
-11.412765428528468
-22.388118712420148
-39.03260499327693
-33.56810531761906
-42.46921808926343
-55.039146483012644
-26.499312026688372
-41.69971873208604
-45.302564972092306
-28.875529716293933
-16.745656750390303
-2.6482630570301087
-40.885256239602455
-34.074884863466494
-42.145945235846725
-27.67102585616218
-42.97578931434118
-17.549735647788175
-22.451523358485375
-29.571351822894396
-44.40650220959458
-41.7634580574206
-28.387031171760036
-32.13063736527651
-23.327969817686828
-34.25076906478349
-40.345964993305756
-55.702719851446886
-49.020267673181515
-47.113825272047556
-40.272612176714404
-28.381111105296927
-42.17941316277979
-17.93500954339567
-36.8759966685075
-31.906962330336935
-8.86826895324672
-29.937405566177475
-42.14578472640123
-25.942344250819684
-30.611832105202872
-35.587375613652455
-40.04606846232342
-39.36984558354631
-27.610759682020575
-44.20931123316173
-38.14578689182081
-16.525374611920927
-38.34205579271571
-31.86944068613147
-39.98025958967035
-13.770828475320132
-31.673018105980244
-34.88298503473821
-34.27610223641507
-24.544306980555625
-14.936098875085682
-25.098860284552714
-30.80132545844112
-47.52985550948762
-34.41964207691747
-25.507783710161377
-14.283042290425959
-30.638070276899477
-23.130976916739904
-31.68903831467851
-32.30916143470772
-18.745944243172943
-14.894144438108878
-19.71113705780766
-23.461728827297772
-7.645856337111198
-30.5479595911795
-33.581270507244255
-20.581695893944563
-32.19373465282909
-14.506915400851467
-25.00063362655147
-53.38524691134532
-17.50406900299747
-46.931677787261656
-7.164808675188138
-23.741896356862526
-2.647301921347841
5.354963931938377
-25.2070316979855
-39.879394771102184
-38.67537926949609
-44.18104449528163
-27.662773280097515
-44.19623825109032
-21.73589028819729
-38.53819492001639
-59.67552670294148
-36.46881494113719
-18.77942070784247
-47.94219744477587
-15.685560164785548
-35.96703850885679
-35.650568523853416
-42.58565915423381
-39.667860397412305
-35.55477853583857
-31.837116815884386
-39.993732137808195
-35.92856746835669
-36.975806222848895
-32.69850270796596
-24.093803070827214
-22.420357205302608
-31.012391964172856
-35.24413470219722
-11.731746361825463
-43.42133621427945
-14.180497245321973
-20.52180879530189
-28.68288423075372
-20.07122292330344
-22.280717402816283
-30.305446894509025
-38.385277229783554
-33.70427196891243
-9.299165097415313
-.5881738429694202
-26.11191052715442
-30.38511080589347
-24.44647988862082
-25.451847875953558
-39.311512352939815
-32.81229365953837
-34.795121481255165
-45.39712894115114
-25.95961609168335
-29.243284176680344
-35.953572790908105
-15.793239804598091
-43.360383606126256
-20.702796855476183
-36.01133228562432
-32.05365088804672
-58.22762905173633
-37.33631043743134
-24.926051375909513
-53.69267714098218
-38.88080062387881
-44.86987590326659
-60.25280063121262
-33.9715201956621
-43.18654504646568
-22.019244101009853
-27.13628010075813
-26.618198299381614
-34.49877664864124
-40.85100284091484
-13.477220841016086
-30.103823125304835
-42.97584395585454
-41.49636692502183
-14.970973820987766
-13.988405005104534
-37.46364565412789
-31.690742446876428
-38.98765210325449
-19.432846122717372
-40.75503868307616
-26.396963349523023
-26.66313411393113
-40.61608189950683
-45.56681816089093
-17.227562454827844
-27.214980955469603
-28.979888176622556
-59.26285350347849
-55.64274396034501
-46.15103839154797
-33.93752975925754
-30.9215470331171
-101.33693490397292
-77.04181542245416
-100.72732002998177
-66.29564657484133
-79.20903444609921
-75.47738791381943
-86.1643526817066
-68.07930266526597
-54.17716977956786
-59.24690501176651
-88.2288798111805
-85.25073291794735
-82.95914297970555
-72.71025971499382
-77.13178950439074
-61.95974686706885
-33.88814749155834
-89.82387241635105
-65.31274820233064
-75.1297039643091
-82.58271076397862
-84.21662861722908
-74.47602070979302
-64.01734818472436
-88.95723752389232
-76.68264992494905
-79.32615852998659
-84.93885282006623
-79.18773791626711
-84.9107534218208
-71.13303243185447
-68.19460991883412
-77.0461116114421
-87.63853973102712
-75.37614401975233
-74.94640217755347
-76.11486312943505
-67.63068901039036
-34.40714624583093
-2.051567912740863
-80.91361060631344
-57.56125530574238
-71.97579581316401
-71.88341067445042
-81.74433919430541
-73.43072855921427
-76.89994556320383
-70.33048520437798
-59.84665026240698
-66.8749832202418
-40.658388091225895
-56.98848930232345
-25.85556498986738
-59.74194346243069
-80.85075920557098
-59.10041111444807
-59.21812942479324
-73.51469207468124
-64.19312310301464
-75.10185045287379
-74.50779474981192
-76.81542197222493
-77.02453504385403
-91.42435649361428
-78.77373966010514
-78.15473327600522
-83.05694445843096
-86.10817437578324
-77.03136523302405
-67.7810761155357
-51.468501169848395
-89.27702698083232
-78.71923475052843
-74.90215621211013
-74.9887356900292
-82.99371739728414
-70.23598953721086
-56.31069206494265
-77.20795977401472
-83.45761018533307
-42.90808506419343
-88.08095840432553
-51.4194604116077
-63.13430034769009
-88.77405868054174
-70.19735798726526
-90.12327375861855
-75.5895942615044
-89.15256044358718
-100.91013004311716
-83.31548760908345
-86.7225703821934
-63.343898362750274
-80.79999723965945
-64.68662476111557
-88.75569230186359
-61.892599277338455
-60.15350334105898
-73.49206365796098
-68.09398757198149
-86.28601884139204
-84.78303571453073
-78.04688458901072
-79.37349174093478
-51.54503343949839
-85.4873511613641
-61.003028609646826
-78.32257151447993
-76.63664177069984
-69.94385551622024
-28.97384004411251
-64.75407287916944
-85.69235245911287
-95.64603494789664
-81.04607529507668
-67.7165718090141
-84.61988298582664
-99.29338328544013
-76.17961332276677
-87.57221859418631
-89.11582768623084
-21.209137561669444
-31.355499686939275
-40.77078226911304
-50.71771653099684
-42.27625499992681
-21.109493639415422
-27.592943133570596
-29.35943837370558
-31.038886267963335
-45.0060562149383
-19.340406342490418
-43.55743456368113
-49.79454133258874
-30.513808645329433
-9.362775502929289
-51.182852413474706
-42.45802340921378
-22.793779015152836
-48.33279205774681
2.1493113348583304
-50.602002881173064
-40.12655882659744
-26.73782394005251
-35.477751077473755
-39.28274359615572
-20.839233299241773
-35.05302600922026
-45.08242114495363
-37.5429065843513
-42.393399574381704
-8.511100432300182
-41.2192012635973
-26.654374396320588
-40.180735887093974
-34.2990994833505
-44.229794970482594
-28.706810383416276
-42.43636146426108
-45.21511122995947
-27.660133411983306
-36.50015526414379
-43.74724893581036
-30.85120974504431
-44.04724450453566
-33.854365375923464
-59.08819190602292
-37.5937436823437
-38.88873730369436
-50.41874207555245
-32.036524188702906
-35.44230239568139
-37.78842797935116
-49.27980120126366
-35.99209847292156
-24.328047823507386
-46.368098388276394
-37.478651579734404
-35.925319713406346
-28.087199527574814
-41.74589081087532
-37.79351988537741
-26.688784889359113
-52.5016185082316
-27.36254890003502
-47.98233163633886
-14.225566248560302
-36.846377553171735
-26.051687041695125
-44.94315700287165
-61.2805938371378
-46.89522848275588
-11.577943308321471
-47.66569089660624
-16.406817895855138
-35.48102956827536
-24.057705521063696
-50.459999833233915
-27.019663158416623
-35.92859137401879
-31.25376060415735
-41.11607565241386
-56.856468575856276
-61.40804516705024
-19.08244717301196
-44.75839697072822
-52.5761905135898
-19.598823134643265
-17.383022682979213
-17.142350722290058
-17.064119443084024
-34.93167745333123
-37.86452994708344
-53.57091535864836
-50.9971293246583
-25.3435108304334
-46.68459910913103
-40.57077042455297
-39.81462067210837
-36.18581629816146
-40.67048777134057
-41.93199297519066
-49.42334104176606
-33.46992817848929
-59.16126126976371
-38.9955546321242
-56.84832016017645
-47.53207532096787
-58.096503080050425
-25.436355299368675
-29.26676978214143
-33.23537606729647
-33.458344177656954
-33.52427599371509
4.018148635412903
-31.58950879809308
-27.78029693005134
-37.22280635380407
-37.46653823924139
-44.58718461880351
-57.99439175195874
-45.12992511063106
-27.186157557172148
-40.778821401766145
-18.519156349519132
-28.335937941673755
-37.42190978320452
-54.69063266551815
-50.54999099064342
-40.57129634911906
-18.46594576079015
-31.804973945650307
-27.22454492785491
-35.013339195047905
-36.097061404991734
-21.418482859730336
-10.842226066778963
-34.87642463804041
-36.988889450204056
-17.583521178517643
-28.906009435465112
-17.093086275354047
-20.571016893177248
-2.774951753633032
-52.878067799431435
-31.12073925497677
-31.05220513684486
-44.16635275837693
-35.1043104846033
-43.55166305383246
-12.011650075333526
-15.78596053049015
-39.96307824881318
-27.296985914192067
-35.28266721439985
-45.07783467292597
4.0829824985619565
-33.53092176777751
-17.56309379025743
-23.992723101300196
-21.660488414854935
-45.43067200016507
-32.38568345907396
-23.603228148785632
-33.94593430703124
-41.19757005449587
-26.48461175204721
-34.364020431411475
32.01154618690817
35.8198035360134
25.419238845308623
23.701903891724807
3.5857763166099397
15.281950626351154
16.16880117120583
20.51168474740464
11.363264486292445
12.602697080065994
15.161686362992862
19.95132578261304
14.95680800864916
45.18341232202144
22.202383670772697
33.130655606941836
13.812086233001594
25.334884301511675
42.6051798348817
6.76912087553049
1.94852895958252
1.9162210975913017
19.7580263064598
24.838887916816397
42.088236967549285
33.9184291352436
-20.9428387312144
43.96678146101833
-25.83167128060338
31.722004222707575
19.93576831923104
38.671274325804916
-5.6794777453499075
28.587505761636372
11.758823793016333
4.878010541535917
15.625181292522635
24.49650590164929
19.13740116752659
-7.981753941435024
36.689966221178445
3.1449159936593545
26.453595863026184
25.8090496940723
18.732464864845923
27.817905659168723
17.656279768651203
16.205771277635815
8.97434776747254
-24.119247233032805
7.401677928056888
3.2151587263008237
37.10898466638039
40.023381988995226
21.097894270657445
36.66456133256058
24.084088834280163
30.97718916919061
29.138502244623176
15.816838108180486
16.627291279621275
14.992097888543324
45.11960810988976
5.659219404271649
11.194135342064591
43.44601710284529
29.813785972389415
18.143005879095483
25.68210892080032
-1.60034437855037
14.740441276121496
38.239206804193664
8.591211721075261
17.228161803927513
21.961091870416364
-26.14411657663832
19.207135691405128
21.834608719818778
34.9397712274977
13.481996850793218
13.499125257684318
25.507735898837186
23.847363015383984
14.926396591369677
28.066353790227936
6.471326762152049
24.976292539896836
20.305022006140273
24.667223064859172
23.897843235992255
-7.419603759533587
25.083396736271805
10.740265002849013
20.607647197696025
-11.234628972332658
37.09486325027139
28.9567372504308
-1.3342753199278752
10.458164529749146
27.80156784667405
24.948763462447097
36.01924505977778
24.79215747006246
37.00715337604467
9.94352428994067
16.761709402487124
9.613230002057193
19.268568120347517
4.824585655621724
42.615097269556564
26.58850234441769
41.044375741601655
25.848140574239576
41.61332025417996
8.225857218408462
43.25399657961414
7.396506621081542
14.952414489465548
15.003577728990821
32.638847835755065
31.264678661545616
29.681533019490455
12.260993814947657
12.808003175006467
-24.705998048777335
-27.803618610972347
-40.037230197537426
-10.279596917861978
-29.03368616162016
-21.257153791534634
-35.808738629557986
-21.034655256679592
-33.37833534171942
-8.881948968380609
-43.56698658323539
-18.45976785468587
-37.963157878698425
-43.09758183252626
-30.327047367759192
-53.260391053317484
-46.3730161244788
-12.830167992636806
-28.0399636468223
-26.79848626516598
-55.43750702106988
-34.511316875957384
-43.91168915517301
-35.274488062868755
-57.01791034217328
-29.957114077027544
-55.25211519642822
-17.636654927618466
-51.14938790163623
-43.45896372641705
-12.132225112299054
-32.491821183681374
-30.752998454968697
-37.482261334710756
-24.255567563582503
-38.292232977815054
-14.250781599428697
-45.408596828767585
-39.29546140839028
-33.917247512517186
-21.384060413860762
-40.026424838270465
-40.87818016362232
-21.26108115030739
-49.80262144637687
-29.78589147981908
-47.736277486583745
-61.511297136733326
-37.3442915134765
-21.49068478944654
-47.07912108087472
-23.469131044810773
-42.58909815448091
-30.187499772826662
-19.653544902726114
-12.74553938749941
-20.46599419695184
-16.319003861243576
-20.300199892586242
-24.687599226700613
-49.09877386750164
-21.76824489429564
-22.306013008407426
-35.31583802810402
-36.36471944309161
-42.336797796729805
-59.08390937741332
-36.912394746594494
-37.75795850546373
-44.39119575566458
-38.028601336230906
-29.30748453978388
-37.89340798689425
-27.89502190999275
-43.246415069635425
-24.22370131600981
-9.185535509062044
-34.32346618321452
-52.24624115025941
-15.172141675064859
-20.331900508071563
-16.16775785981011
-28.55909388223641
-32.59475554956805
-27.91561322279305
-30.0585731220535
-22.525200609062303
-33.664646626442604
-13.514960197501345
-38.016812429723466
-21.589606419195835
-20.017696438325345
-45.665678318937694
-39.439759399890555
-59.137662966181324
-48.19983218026875
-30.24592521098695
-42.010219131754816
-16.971551596810134
-45.9622792836455
-38.20128559392175
-43.36062266274721
-48.23254537129853
-33.261238578588724
-2.4235780078670155
-20.924429663853925
-52.68328446468101
-37.780740601440314
-47.999331977183026
-27.277581346760062
-57.32148151492908
-32.09665375906111
-46.55200464677357
-41.70118722275759
-33.292257882704334
-50.723737342750205
-55.45107519185611
-42.29504485033352
-54.21507391436685
-46.36623374663298
-21.709242305150486
-44.73839817683842
-21.377745903973086
-20.026973542765514
-23.37447828329274
-33.54534371220999
-31.031390135349245
-38.41493391115975
-44.953791607409364
-24.906166987688312
-39.71948638225385
-34.65180020680621
-19.08076694647614
-24.532869828790435
-41.27032522953485
-23.375811877728182
-51.81198113792458
-63.719640729371015
-39.27601244472867
-22.119144155357752
-5.785536495895042
-2.997284869844114
-39.072305467827626
-32.11539238304905
-17.155693496833678
-30.13675488238805
-44.68507488998814
-51.964581224361005
-53.19133784080866
-65.52319999103707
-26.062640957576534
-34.04378359708084
-42.319104191684886
-27.419758564523047
-29.087374863591048
-15.018899550846454
-46.969653639046925
-8.369873464605474
-47.490540940625024
-35.81477310168969
-39.136939547943456
-35.387199844552306
-26.322941174393012
-46.45164526220399
-22.303593413893946
-17.88678157766621
-43.76654763531024
-40.67481128108519
-52.99283546805516
-37.99779035288498
-44.69054245641873
-31.391149859312158
-26.432108087897326
-28.24195624624167
-41.07107153597265
-31.345763252277422
-31.487947300229578
-49.755493141103784
-31.66144435043166
-24.671117980233372
-42.73970724077427
-38.79984922183582
-31.915988425325107
-8.81944419973853
-27.946103187247985
-31.54462079486776
-45.36721612768106
-38.15131934504852
-41.69547376951687
-7.876963471641395
-38.848210376254094
-17.540909335833227
-45.844530237449064
-30.559615308998126
-31.63001181987126
-21.33072175908484
-23.8234214947958
-52.22149878999104
5.164028981898432
-57.09256772489611
-39.63981222558564
-37.624790307215996
-34.838397559836366
-26.591820108807024
-13.429852625348401
-51.58608287641017
-29.224627514962453
-28.68019996640991
-50.67380182972824
-46.501672982779745
-49.55391376812919
-35.39659818485025
-33.83539452550375
-51.806848250763316
-61.15778703586097
-37.96604704871734
-50.72003196512547
-29.43786602085025
-47.87359843984685
-31.07835793117684
-36.6320325566384
-24.935984178510004
-47.29958251180981
-15.607026649708741
-23.682424192211933
-37.91025806357668
-49.613875998852734
-38.2645263154469
-32.44160221780886
-49.94630472085184
-26.5628310784222
-34.01385712323243
-9.875238619939822
-23.15094668232573
-42.490668298351856
-29.902479393856613
-27.448481217530244
-42.99559003274505
-29.031322916167337
-48.61860815375516
-11.404149998664142
-15.252548369521541
-37.99367857900463
-44.476675573127295
-24.747643419694196
-24.892539052746844
-22.176640687790922
-13.199140788016418
-5.49832618752236
-33.2559827480224
-10.29036556486215
-10.696065141182567
-23.10847656606659
-23.816412013160072
-47.01242428362954
-46.236839227901676
-45.4843265511901
-59.91230204070915
-91.77928044364482
-74.60047358665983
-88.66824538991992
-92.73011790819147
-81.97986460745497
-66.83066895290676
-14.323764732031222
-63.78940428155352
-47.09177059121758
-25.711659734244382
-28.99191613975095
-45.67019648907366
-37.22803486361371
-23.332349676492097
-45.61478657943193
-50.51107598784727
-36.00702926644721
-32.63964013769879
-27.26893603481812
-34.974246607333335
-27.665384119907753
-23.1314106337522
-43.43128096971099
1.3199724769190455
-38.70276832806784
-11.4280983494415
-44.961762438170766
-19.64651663807017
-46.667445089030544
-29.967673549484385
-34.095412997016965
-27.99529591719771
-37.397771894677696
-26.18442835311974
-24.07717497529282
-25.447095771838523
-38.51241437099417
-22.16458540390585
-37.13288008319168
-7.90934198340184
-20.007317965881512
-37.73981069283901
-25.10599953978267
-15.142741125782539
-28.367320953362672
-49.74636117818348
-27.233755437950673
-44.402305058349604
-47.316436003586816
-43.03397569588052
-27.103969890889385
-31.814768436920104
-38.114286059368716
-44.53911033233038
-38.99296940552335
-12.0251969017786
-22.961186951709852
-17.284365723060255
-46.60585385818995
-18.976661203146804
-26.027470605992846
-15.621516896032924
-14.622753701627591
-10.088104026744208
-61.688014621129064
-39.38343082980546
-43.2292917853862
-69.45391238667688
-48.62762400345957
-34.95414536060599
-19.779502128757613
-24.046527916486973
-53.62719611740926
-38.32401043292854
-37.35826266542376
-40.14606926196158
-20.38483276659187
-45.024333801157255
-24.494957156254987
-27.60280080409022
-30.556866157857197
-45.36676192010126
-24.070921937107673
-38.646248512685986
-52.90812404687408
-38.40696649549293
-41.91013636984662
-43.53742210941299
-46.46042547038204
-50.84958357820769
-24.007266281590447
-38.40183702342625
-33.08262913179289
-38.14959130718851
-43.26898542974773
-52.40386825592496
-34.425140379199334
-38.26938599504136
-45.4523715111582
-41.366528443994476
-27.626701343543385
-34.8325133518664
-12.753400081460448
-35.73239760520475
-30.24836700361523
-53.28987014977526
-44.6833980785469
-27.149769724368905
-44.74733889446197
-42.59377683406237
-58.74392988128677
-28.273499767376084
-20.6517497291668
2.835727630641452
-13.806048345775302
-54.4026992108671
-20.070953130831228
-12.438060492764714
-28.99273576245135
-26.826869116261967
-10.392202831613393
-40.41815326264362
-47.95772929494848
-51.85973782060131
-16.6622481877934
-37.348334985465144
-39.84763780655621
-19.972113463351974
-28.435566496002146
-32.53979643241154
-33.44097842169219
-41.72980913047453
-31.054957703080376
-12.066353060396157
-36.761249490451284
-56.90982259855783
-47.13075731100002
-40.36259308884015
-33.309930997181745
-40.68373833833039
-33.256068125387024
-52.45489659921412
-34.7989634626633
-53.312225358928714
-46.34058980139417
-40.689410810436094
-45.980020700014606
-39.309972145281975
-45.29611044332665
-31.14288272826595
-19.614862126361746
-29.948880283983094
-41.2496092657822
-19.723395539820544
-24.451481294640566
-34.99026340093702
9.78695330227553
35.732500058042305
26.97776165540589
34.39386152789526
42.95443131280655
.5359537383917935
32.392346308609305
29.59009386197691
7.044309197190304
24.50866876101379
23.55971642867807
27.303851961855223
18.254626538059124
22.860786586005247
44.32823848698999
19.15672548023585
24.71980186108993
26.918086292627486
34.771277290862656
13.111448843036271
-29.267189838775387
8.50726954994945
23.3574728198067
20.037999175633207
-13.400486227011932
30.32397719772727
43.82776320574648
25.87577722716874
24.75040964630805
32.902213099961585
35.24619400423198
4.03604415792516
43.10386902165726
35.073724897499986
31.59209060959935
28.30116544860922
17.159619148059143
37.03801900090396
45.41101471573377
-10.668669252421646
11.963044741652421
25.58918590468959
-20.147726164649463
34.35917782728993
-.17245851460269318
21.641457800279987
12.053521696266642
37.35198230648193
-.9557254253931412
38.97047759258649
20.258598917898986
15.541391946879504
42.845223418167215
12.352960604574585
33.33505243294905
46.74178486795696
-2.300271749007129
24.72472642748151
19.555465093792026
17.380268409196404
.464781032806145
14.33110633161534
38.35962303926099
27.719499708701765
21.09103334563617
19.043928321187675
26.962062465598613
11.235154896898749
9.184679174094853
26.416881888690074
28.691213646446553
25.772974342423584
49.85749860126334
7.240558034404518
16.494729260662375
15.07556963039005
-2.8104883741109625
38.744121708397685
43.4240136484341
15.004383691312883
-4.2453322531517514
31.396275916284253
29.3152914460052
1.2985994276239003
2.1396372256726535
10.866129167553067
5.2469897402178765
.4664620063939086
-20.28955504276478
29.87111175009333
-23.460159591335962
33.29640722262512
29.241877157711322
40.84954459552704
-15.982261874783608
-18.72424302463252
-23.330350138612577
32.77102907166774
20.947070033405225
15.942100362463934
9.733911760728503
-27.960448292052302
58.25365207247408
26.414180548873333
26.833021409156856
41.94913333491281
-5.792240753452233
16.72314615443323
-17.990820726651137
23.499793471542255
-1.0424893184198132
39.42648151214405
22.700077357476726
36.52277685067487
3.590032805123327
-1.7644726503670127
16.53101634817536
16.075739843764403
2.1600298226567842
47.83289392748816
42.69101140708667
9.340897553244092
15.843665383693002
14.941967715130014
28.47552310264672
29.132139923411312
24.23340359972581
1.0864252573078608
-29.286580745829053
33.95144626969144
14.824042791562452
-2.5877774630614145
32.1231241571895
-10.885658385937427
9.634393343200479
32.584827869609434
26.44263170186102
9.293204049817186
.5031891074998308
19.249517015205058
17.580198291486433
20.6077445278917
18.824168692189808
22.078140822222874
34.97740898491905
7.629206043461999
32.8842394571607
33.68821077907915
41.56692960933724
20.69014905268061
17.175029762373985
-17.436018120749342
.5944611921829757
17.84497228220927
31.78330517050844
22.454018085079724
31.366830970772327
14.18555670794966
19.29472432977408
39.59356501471549
24.50461845883597
-2.571844125831656
3.619364625627124
21.263633933509684
22.355000832682048
32.9089305910103
17.3072007530029
15.140885021875588
21.15030572725354
-7.58752396027835
34.890593865473605
51.39710520245425
47.806689906737404
-11.446353737545651
6.013532052371476
15.640439935128443
-20.906884615423454
15.145734456186297
30.476748038892946
6.24475615389121
23.422713079211366
4.904126196714284
40.53639749755488
36.96215267469804
26.573054164062416
41.686003712232655
27.768893929232004
-13.328519085048447
30.45296532020296
30.941890751559985
37.523040979150316
-8.710208984342517
-19.64528720401957
10.57374755220504
18.55211542735903
43.27525895850039
-44.85192616612779
19.356310437972795
30.618778407588778
28.01913669249564
17.224840624443594
-44.69696624933313
32.91552513865394
.983773383776387
39.66614260483605
39.01008927467798
2.900700445451433
13.106179352091607
29.48715608099565
21.4145725764305
13.782272457274487
4.005750561408861
25.75523463360177
16.520234894570493
24.14684461237424
16.236005109996874
51.50898711615365
15.423540447845518
15.240042293151248
11.002689408497364
-8.16721833683661
34.6610721886045
53.27684156393346
25.680153779150405
19.632921146527263
15.692948721920208
3.8945555086078762
11.176072053030845
28.418513221191915
31.860643402480495
24.9591726707422
-36.46480903518898
8.775053092775325
39.2181300066074
18.467530364677593
1.447397660013567
7.703139426132802
27.730503143454655
36.62104619735843
38.08036733995043
20.93420024946163
4.971298972767244
36.00406154925284
29.87949580729952
24.947370103856414
9.029742309188638
14.477000879834105
31.788670284101485
17.88441320957151
28.841071411931217
30.511708362159656
26.770823999027428
26.10137837545426
37.36727851512818
21.082604892200372
38.34035507561238
-35.91195303320063
9.907186829782557
22.460580189324812
12.166026010954154
-7.923079201370029
17.292271667024544
16.74028651415538
3.362200105969916
27.812526885197336
1.9379541192000476
22.97696468869258
30.633709201114424
27.55953326324548
29.35222910903663
30.423335959583447
33.29417033567194
40.51618355270623
21.829805389284967
18.48377084697659
40.580609312052374
11.603473701665331
-1.3058126409959627
28.17921754362052
28.030365523491138
13.134463165444629
13.030056040018168
18.154253493111202
26.70719566426688
25.206070348859818
26.24866115962183
-.7110689564577837
4.727250337307164
35.644960938544834
28.189276704720655
28.525550823222478
16.396065470554248
23.956751910036324
-10.035404848429328
17.68600304437181
23.47072589398197
-20.61685258514991
37.89596930783301
11.710985148069565
7.131628896860685
15.284942249207619
29.327722390294625
-24.307430897497703
-44.805904351500246
12.244790044915447
-.7643826383545529
4.5998105333389505
10.109567042437327
12.825999015922159
-31.041881305914387
22.79634375118618
14.145603516399671
12.946727732144012
4.46168319086696
31.678123672384828
25.454422857270654
28.743276763394974
.20935673062362264
1.1034036134806315
24.871199834232435
32.02676043328437
35.311726254223665
14.007902633863981
-3.6416387262841816
46.164070392484355
18.154352530854165
16.490556015079495
10.305934127301548
27.41408438487006
14.593735642938793
18.18543330667231
23.523849397799037
25.340254537746596
25.652076579019774
39.30828850365157
23.72285378945653
13.668189515115058
17.205847575909083
26.796015444233728
34.460138268506476
32.72586444578103
40.66612669555552
38.855569905084785
33.66060656954854
24.73111094680818
3.158085238709374
24.401178658950712
22.369397163905145
6.035171372322545
32.17414908538408
25.960886506868974
8.961158672185247
28.13312401200669
12.042608761520254
20.184626261640457
-13.01470348231127
33.515499200631616
6.909555114394653
40.62205148484143
24.263372762256537
15.458941318313695
12.144243683917336
14.761217004029382
21.431431190849388
21.520020451931746
29.39785135759773
41.695139090247544
25.67921633568682
18.477370959724286
14.40631354456635
7.263904474761268
12.764348874699978
14.09638688078785
20.04453566666891
31.807344021292298
38.6251773790965
5.5489195331387595
-1.0579542540828972
28.44824332710169
29.322599748417115
3.0761259568769828
27.472646426813746
40.74940719210549
9.653698019115874
38.75462995443575
18.37086098980711
34.32112342832921
22.571610036925247
19.98402872835906
11.707787765764351
7.964470147740306
16.240304714079397
3.926603609967222
14.331934492052204
-16.046236841644532
33.49784316162714
28.131191068471573
3.233071751172828
-59.99717397133573
14.90542108042857
34.26828508490999
6.456401518155102
-6.8018690712797625
12.17427175682965
21.927864707651548
35.67288616696643
20.288610769112022
31.928890652667263
30.98682998120408
.12354069976706185
21.658415452441837
32.06912809670597
-4.412152793440143
2.3263308416814317
18.971072400858443
12.035977501609818
23.821123136140088
39.24889659372372
36.91048229362689
-2.688316566983533
15.139787068966509
15.42154944770246
30.477642793674217
23.608431045385892
14.099471564971758
36.89068499031761
39.76350695145458
22.681415573116958
31.012617360415465
16.030834765066153
43.09013009614178
40.922429544160245
13.399720392051243
-14.273086435937019
15.39445408726502
-2.361486038782899
35.92927780803037
-24.884651891802772
3.857371958766327
26.195416419946994
31.652957840387916
24.065671229183224
24.904633610219644
8.382134507939293
28.028084240308356
35.81887463028628
18.610942139133055
9.61889308265278
11.843102350958766
19.081309946515155
20.269160097903118
11.349424815486708
30.65228048546769
31.189082127811915
19.442809661169125
27.583976802737663
41.5312008897889
37.60674153233423
31.01138451127028
38.20325268840271
35.021866686226666
35.87304144549907
20.44205096881636
35.10454612612967
27.573664924638237
44.49187957421974
2.47693886075774
25.293249175878568
39.848156900933134
-8.931093887006144
-40.787437685404115
15.939153135837074
4.315248630816941
23.01799534258414
20.63427469017532
23.08349002653539
-1.6920010349002983
16.825054284397115
34.333052353714635
-9.028022809065087
20.37693877545863
41.89372342527108
34.50107500729695
21.32179128674505
-.24549258013930236
11.397101243440689
-2.6787613457780965
8.814008222932845
29.095635977392178
26.471965656798936
42.4528256352554
4.54256202215002
24.626301693994336
-31.7563464138544
25.156040920736768
40.445156415527265
24.959059972620892
41.59756300776474
44.284617483855705
25.309134488340725
23.805931087878687
17.889395832571033
.2866736582751604
13.313474739627846
41.758953547662976
15.667588229531951
35.49748349398592
-2.434134705559505
-.7005339232715678
18.958620966001508
4.663880695961432
15.227514018666152
8.389019338622665
41.07247855494167
26.323340740459457
30.32955063209
22.172269366722112
30.521352589267714
16.128673809832
33.75016742504033
42.860700626826464
35.14368652516843
29.73279017411682
32.26778414871578
22.71806124556137
21.225557336434154
6.817192173795863
36.92008553959993
21.60593569395404
33.23114476510565
14.301454772881021
-15.33061913928208
21.880620289162568
36.95363201370845
28.60706230077741
37.913608271364566
-5.199610425492791
4.553329388489722
16.180912804151554
26.972002098388277
-1.7527882244095307
12.744703543099728
13.536614458491226
12.71237113511618
-6.646056661499316
47.16163659623764
42.95352631274152
40.85412423736553
38.80244810881501
13.49821769629835
18.182248730971793
38.49742210576599
.08846932589537937
-30.602058104500586
-1.0147143541599564
5.989982840773741
-4.150958248729216
21.065508928707832
13.650198796841245
23.901686924947683
30.661576372928074
25.817230553150683
35.96509532003792
18.553865663333845
31.593466892717107
4.617661232734779
28.532401502960003
38.67707315641025
26.990173816675096
3.03331667903687
28.555986146164056
30.005567438999616
46.83416317648138
-2.8346228475432023
46.79608145676398
23.79422755873587
13.340483868927016
17.811408732627825
29.76288057250531
8.903951569018158
-4.684457921496565
21.01535143453784
-6.118562432559701
4.95851413930145
20.383929474074137
24.58297609654165
33.639415907648576
-1.8395176463252354
10.373822792556888
40.55417989505901
9.365987399386487
31.416496691322074
-29.564630916751103
7.271059097916856
23.819600003955177
24.689136019263866
4.762837330430224
23.856805751911526
25.27944877866056
7.520161219589099
16.06888062629042
14.316571689061552
25.797759391374267
37.15334332994504
29.88046227906708
15.991339196190555
16.823497001266354
30.532560929695705
24.45989438015073
52.348198799094774
47.38474131038153
-49.285326824302196
38.03045231749598
16.048769134279315
14.618249191869968
18.519081217438263
18.68239957822973
-16.343245910155247
28.657479342135858
27.169498725786486
28.21172924406978
-8.458606159660402
28.779268445226357
17.089263076966134
33.734519461651836
21.152587010436324
8.46178646649269
28.56041552384081
28.54596113600977
37.92128881908625
7.872452131694602
12.660136409664862
18.015957530344075
13.540640855006947
16.103292826876235
37.48654044822577
16.149019235822177
23.883971121787962
5.2121066834661525
4.392354209470391
.8550079361398092
26.142999840709024
7.65478424813005
10.434073598772864
22.894983635632208
-30.660507448322967
12.008071909982085
37.52634337561402
48.65870477927772
40.507109646393864
31.109438706994982
30.216507586231703
28.60068461163991
35.1956471892793
25.379524710379584
34.08601807181361
36.661931709730126
17.077824217653653
37.2961864911521
18.930712813052835
23.242044330380775
23.54478563515242
3.9426293681941877
17.97008768742556
3.9566607111835097
27.897634457350282
23.397511388721313
28.2263475564409
8.986840183464494
4.923423188666862
26.554146492892528
24.153580886443166
18.32010243899016
24.72634347476751
-14.224329130546884
47.6391658569645
39.65467471721959
29.08161359902614
-5.331456128362485
3.963880221136213
-8.466728108357193
32.55468282970759
-1.3553746280476908
29.85752991892876
1.2857269756376593
27.046683386773196
8.713095593040492
14.881622993812952
22.10225992772948
13.613248327205122
13.782200740288204
6.266631969142291
-10.06210149657397
-4.601556073558712
14.898821410143045
15.99110355466419
31.365977197126075
40.59771552082867
21.6269231577262
24.217332164608774
24.621875731412164
24.49424169393943
31.04903934416456
31.847266476991024
6.737727618557819
46.79257073953059
15.616886027775655
29.920108112104415
17.262570589418743
16.846774285957757
25.76424023802243
17.27567259979412
31.43662867390069
7.650270346862318
19.847590577046176
9.244182074596711
22.92325891124877
16.001003913866125
22.194366736234397
25.24827408774133
22.202086557543804
13.318961089078659
10.430754126836238
16.74357012759886
3.1913230736447713
34.59563214616661
17.992191887127017
21.060138692472908
29.9266036220051
19.503128769276803
14.10685756078548
15.71889831812438
30.113088276913956
-3.875856585094497
14.656522156884135
37.24377844965059
-73.36834161133538
8.362832393344837
42.85022653173425
9.370623390285633
32.39950434685948
16.5947368904897
25.576596158501964
10.162098881117542
36.92815199300971
8.288492614418418
51.42605495925135
2.7356647189705305
-6.009945349283573
23.867290092287497
38.41348249596112
25.75946252069801
28.514880360191626
43.18620353700718
-19.093549645507817
3.0168798287992344
21.802908104333454
36.877591517678695
32.90957945898145
17.84509351806704
25.651784588432754
24.213035975620834
-22.463771595214503
2.4227703379976613
42.86145194763517
32.88213234380175
17.180222413690487
35.54456057284023
29.528424083960864
23.226080470743163
26.064763438861114
15.339129554987917
38.713990328874175
28.907696492190105
42.73003910800412
-.7483427928624241
19.94010378180671
24.64405506319449
17.070915481308187
-25.0985221901888
-33.07733573518613
23.01696569156676
11.87847675444391
4.131379511473375
16.52925074427491
11.189841714397591
17.637105720103687
25.60532734924562
18.54476272871751
15.678813645432868
10.140804058832734
19.948453688067048
25.699211714482033
41.24527892584841
23.128854435455324
12.69852036525304
37.819460943845115
5.093853483931606
32.57546709535193
39.29127791752365
20.988136545789928
45.218143833950954
12.060944404347154
35.46991343540116
34.62096531779818
30.6812951290619
30.522336136508194
34.073597372807946
-2.20469136242244
1.5057121075998432
26.556957115735987
44.06740039277637
10.436656264052775
23.567866551905187
32.906707364435455
-2.9911391936949836
-49.52560263401949
45.63211135426167
.20076894168109521
14.228553602548537
12.69138708643861
23.648136642578468
-13.475037741802621
-15.717928431262239
-7.12857452164122
19.56334030190505
30.59708231169023
-52.98739180728666
-65.99820549686561
-75.6564891342355
-74.87251319111226
-63.28248813192269
-57.697681504224214
-63.5133075447341
-60.640919300609426
-74.93675795044541
-74.28207748831052
-89.91722744192678
-69.2994135076512
-87.61125312529293
-72.96072958204736
-68.64211025287501
-76.7429741556986
-80.98157781874424
-58.972386048645355
-71.03370099075498
-83.13427586021383
-86.74041083630547
-68.16252852030257
-73.87367315707877
-91.00856872788977
-55.52412064993481
-58.58840647388558
-81.89031399724693
-74.42093523413688
-78.91151823604262
-69.13404779765601
-89.44860133278304
-66.68002230057296
-56.54104360979591
-53.949116593370306
-50.69115392531466
-69.23111161595106
10.622878810452233
-60.447843513151504
-63.77231514825015
-36.204906676891646
-90.00229061785012
-89.6863328970345
-62.73903047023229
-77.37443197465545
-2.2457661991001925
-82.36757346550156
-67.92775442796172
-87.44094918852782
-93.01240279639893
-76.60180780593278
-76.8021031033434
-73.51765637678103
-49.44591823206754
-55.74591738285263
-39.98967500544121
-5.916191184528216
-75.73958521567788
-90.59763722666511
-69.76184463521774
-91.37116298035822
-81.7081050407585
-57.05040496714962
-39.89905547062806
-78.23347852694629
-53.47629333298159
-68.86337423103758
-71.50925974190629
-55.15400294409557
-76.34104484380003
-64.98938655645473
-71.74132907933581
-59.33619607478608
-77.78743985338778
-80.45046230888406
-24.24452656278918
-78.64693719816384
-83.66866303068647
-72.55860902485203
-40.97839611421933
-59.71146715835409
-68.55305141628722
5.567360190124148
-74.13584313818055
-34.138723226544016
-66.62120754162999
-56.05134978215727
-65.28611729475676
-64.51869773018164
-73.07693842058596
-63.019840037579016
-68.01918334019152
-75.62591720751053
-43.64698517388916
-74.1678289140637
-69.92331713738601
-62.8739130459617
-60.14942571812448
-74.90725836342013
-77.26167921183688
-46.57628938436755
-70.7896173505754
-63.46253874863339
-80.1317110406979
-55.29156636907422
-83.48624233833377
-71.29206655648905
-79.14743296997487
-75.57905527961506
-63.934013046661036
-70.78441957661703
-79.79184082759807
-29.41006032073913
-82.28520138411122
-63.541441093925386
-68.99828412752368
-84.98206059675573
-51.045029441307605
-51.237039719255
-57.71024905229704
-73.5929865331371
-86.65411139614235
-64.85254371643352
-79.58706492609191
-50.190022945910826
-73.15807423773654
-37.45605048377083
-77.69856543190757
-55.39332935751823
-41.510167322239845
-64.41283662823561
-79.1881955389415
-74.16485778177476
-57.82625298516054
-79.30863909476551
-79.89908162775643
-41.773314020392924
-78.30021630532649
-72.14623635371251
29.606783429213838
-63.18709770997429
-65.95787322981668
-54.4729886876157
-55.38393443231488
-73.29685002129285
-99.23023135637419
-78.75018916784693
-65.75630751722043
-65.83888450428589
-81.27209308490157
-69.1756641402689
-65.90293801832227
-74.10802377769107
-82.57767691456033
-94.32601892852163
-25.6836849869513
-89.15506029282339
-85.3866331918631
-92.85825908721009
-94.62669751616393
-54.91131949269585
-78.6592451990482
-73.48791090294561
-80.16060957107622
-56.41065871363496
-80.97316302568679
-80.59904624408851
-63.67462978274063
-77.86714133081266
-53.068800832004044
-65.83677397583236
-71.26961572468721
-34.403932641826444
-38.03626822357425
-64.97885440475457
-93.2502914550013
-70.24518980202286
-72.7913067396852
-87.09214508799361
-84.40361870613651
-73.67098046326947
-67.06497176219489
-29.622062562387157
-91.21236108215543
-74.87894039912125
-74.397357421122
-55.827862577419864
-94.47732810920492
-64.32113450843902
-67.99475175353038
-77.66994693928523
-72.46733037678398
-77.86425216079374
-59.507893370141865
-81.42914645467684
-74.8074078279437
-79.80897094203645
-84.26230209220896
-42.996010089379006
-44.5272155578908
-83.74501771541804
-71.13628360189941
-50.749955023879295
-73.2755876424066
-84.00748822484329
-89.8137022646769
-64.69694517695146
-81.8048819911084
-80.99542944238102
-68.58925824907746
-45.08662171129318
-67.57153957217804
-64.29164175160291
-80.5043388410571
-65.97309089128747
-66.56128629204146
-66.67209928113574
-70.55997273030124
-86.09118086512825
-75.60065916795982
-72.81399662810797
-80.06929677206232
-71.35461059871886
-61.640524315829964
-71.36599652406527
-78.94074461550112
-57.629017612498075
-89.05482726675346
-70.80295671002443
-58.11241059062739
-69.90410381525076
-87.26301593045983
-63.049394266117666
-79.21341259735719
-73.00118479250135
-70.0510075239194
-55.95750639805588
.3414966518959438
-63.412063650667
-70.1219322082608
-80.3149718463185
-78.14760938870089
-102.45532373904915
-69.4286953282612
-67.75146041529452
-72.53170490971135
-82.57456917848798
-59.687042401882124
-67.73686430103821
-56.70581167823872
-21.916330225690686
-59.2860829768457
-81.87069769395065
-87.78453502453615
-79.40547751681795
-73.26854571737232
-67.32491510162723
-79.91420366657884
-46.16295707164964
-72.90698282346852
-80.49002959474593
-56.47153960480186
-59.56949484626621
-48.68667781902351
-56.545787176174485
-92.83472225533022
-92.23451938201535
-54.90263490716618
-75.4929744055054
-76.4760981742587
-59.44315000699931
-42.79479613152501
-76.64104724271449
-83.74861722511064
-64.22646125635347
-47.26879884922056
-80.75621572707968
-78.09361674331194
-83.70965099589571
-79.54720394209572
-62.947269277647635
-85.00789237219672
-57.10661059382965
-45.68168486725762
-77.35261635044643
-78.11744727332612
-78.78399860423849
-75.04145109004337
-89.34144249489471
-58.56004069826251
-75.04815833580831
-88.9331884278247
-68.04547273830688
-69.7274341421792
-46.028006194028535
-81.92111132021452
-33.86607232016086
-68.77979320616413
-63.483329844466915
-55.65426648947482
-75.50214051937155
-85.90453911586849
-59.1474847782078
-83.48035471526921
-80.1255365496882
-66.20321362480354
-75.07566350759596
-71.61517548536567
25.62246258632589
-81.40570524544535
-90.5145957867361
-78.55643036147201
-56.02420319530105
-90.01813665672455
-57.59809734612543
-84.49684395811802
-87.6805044132877
-71.39859018678457
-85.32983333872527
-89.29557777461807
-81.041628841927
-95.47784153958507
-81.48845298724005
-70.71425304327349
-72.6238714823715
-76.64599912986276
-55.615897901812275
-81.75797908207792
-77.48366719005146
-68.79195777307592
-56.9216046748761
-82.46006788724188
-61.38969927893959
-79.33272234177898
-86.53480848190975
-48.122166099216535
-80.24330267135757
-67.42779141090595
-68.34374026917217
-69.46324925527229
-76.67187871662793
-78.23194173438304
-68.41271834960014
-68.97415989937518
-74.17295838613039
-46.43078586447877
-76.30571227522356
-46.74096524525656
-75.10620811356425
-74.8305280182842
-62.5188866430936
-65.21863502575704
-72.64633597455168
-72.31880791328204
-62.900605425238105
-63.88894745851729
-75.20118189397328
-39.147898586466745
-74.79955994058736
-58.05067251071964
-58.37056442049719
-63.901665270751856
-75.78594853976392
-81.3841491684248
-47.673391934895434
-83.46888682765277
-93.78950756921714
-61.23898432471408
-48.8508789817652
-88.1859452420578
-70.26527738837187
-67.56547436419507
-66.56769300948294
-60.02069714283725
-73.10859634738897
-81.13803696206172
-91.15575930450353
-27.827505490047177
-57.56477285316493
-66.21811026738334
-69.28424365750459
-72.71988345153437
-81.41783566141129
-82.93486848739532
-61.0355129893394
-80.72610825321826
-82.36790131458173
-78.55512579534053
-68.0876764771884
-84.83822364302443
-58.20815618241263
-50.20429804127615
-76.72404087131932
-78.04249277737439
16.19955409794381
-65.20888834581143
-78.60039628915938
-83.68363480534714
-88.6788390133226
-68.03209922791201
-81.03804299261273
-67.91636850261531
-76.07567150397752
-54.29378842945666
-46.21389320738501
-62.58186781743029
-64.58337962162166
-69.95003683741909
-88.4467423551364
-70.83306418388585
-86.2914693323497
-68.4255727656181
-69.2856096953386
-35.014947704597446
-60.547386690115275
-78.41253876622734
-84.36238485411715
-41.50630143516962
-87.07793146433082
-65.37816775420102
-72.59239114048691
-83.0325401925265
-86.27183253848592
-60.88423112941279
-60.02420786007064
-72.81024002406447
-50.33669101305309
-82.18512545239219
-55.90974630028456
-87.32655035011929
-66.5386578753212
-73.96659105054762
-60.3245995797678
-82.52749551472824
-76.08056191942325
-48.59592851061613
-79.77430090180947
-73.85499258969878
-69.09249975693483
-89.00254899884618
-77.7191721126335
-61.876104370492875
-43.737198312446694
-39.97201555134214
-93.50093890697326
-77.0578663670037
-66.75727857027498
-55.56573016235853
-72.9879615462682
-65.08759101634116
-45.129474318145846
-90.67398508120752
-34.13645218864499
-75.4872097258459
-43.418645119746465
-76.3763774123765
-69.3344660384717
-70.68005428609924
-84.37268477938554
-78.24702962225959
-61.405388223463106
-50.41590071685773
-72.81870945863528
-65.4786193463244
-69.37516030554663
-60.228246101146425
-66.20686094582032
-71.8747363342045
-46.952120543447506
-70.42561607913791
-68.43790808725915
-84.04815517116154
-65.26639170843376
-81.51509755519228
-85.92408711727306
-101.74926659397742
-71.70555937865245
-71.71370096414311
-62.57061849586728
-89.81577864218458
-85.94665406229078
-78.23873094241803
-73.30279911605993
-94.60846091108
-72.87399300977737
-70.03850144754911
-75.11845464274609
-74.31665190588912
-82.60876793566223
-48.97048583941588
-74.53500622346526
-73.84098387171109
-78.19564610913359
-87.02678700782576
-59.26336576766624
-46.22033066067775
-55.11268712980617
-61.58932521781155
-70.41570547465223
-68.54561334028108
-61.182027377225346
-63.824053831213
-26.047324258362778
-55.062690145081675
-75.93283858805421
-76.34926156137155
-72.8397054601439
-85.12048804066438
-70.7465461776693
-55.131261829254015
-77.47926854822597
-88.9550791841146
-88.83962849657387
-86.1213703012597
-61.70185941457668
-76.91191888481886
-72.16283371339564
-62.34608968728145
-60.30415682358195
-71.2814661028972
-95.77057661722264
-68.57828213508125
-45.088687843517114
-78.42055740831294
-61.98551034061814
-51.577299253137525
-90.47648333116743
-54.84399773314162
-73.11042000789736
-61.406337619757736
-93.50632109603923
-74.6884669137371
-75.74526110287816
-70.38049584948081
-50.50697787434527
-51.22863175638672
-36.59093872349702
-41.13856746535072
33.13156060700686
-58.82201943406752
-79.92899785632109
-74.15430513950709
-71.81411157513146
-76.38785213018213
-60.3129609374221
-84.48648256114711
-67.59317761146865
-63.943916820957554
-83.07803608258796
-71.03418593418606
-77.43481084691835
-94.02861883168094
-75.73113627167457
-41.948231749942366
-73.1567833319834
-78.23086256449417
-49.50898478376885
-67.30237547736618
-79.37145634456212
-70.36374822563594
-66.02707670648725
-79.3082292834153
-89.04592070007577
-57.35285257378695
-70.2441311227015
-39.79623038776811
-69.04834941413986
-56.966683923398186
-57.1854070711895
-72.49418668060046
-77.65381403246565
-81.06907254201211
-54.87404715039509
-75.47703274398259
-80.65148843653587
-58.58486843589551
-72.74947183101887
-66.98530443571585
-74.39443410015723
-81.77607908337846
-62.969371769801796
-76.64129312952461
-63.27260484819368
-50.29457265153621
-65.10613497993775
-69.74006999214373
-91.77075636756065
-84.51118052518588
-80.40439951312149
-77.13593542921694
-86.85648990124984
-64.1268292869305
-64.15232638310215
-76.63489324227231
-61.51176841978605
-85.00906033454478
-92.30202897177176
-74.20705469046709
-62.615731895335216
-83.83371455197982
-87.61251671028938
-66.1267633174236
-70.30317810807627
-71.48451396654333
-61.692727451656374
-92.84965304885587
-79.52358514794581
15.511767708901866
-46.19206733789224
-43.064916452820675
-42.07178304183873
-44.963603174152084
-26.092403506884864
5.178692117385981
-29.44919047449413
-20.319404676985027
-54.75388704742164
-56.05158542368363
-17.800195269557957
-19.408175479435286
-45.189545831896105
21.537413528653182
-20.30828854411083
-8.7960704386251
1.6303887798836694
-16.06433855049236
-34.87952212882902
-32.60083441792936
-31.13074206701625
-60.45881279695855
-25.656888447290047
-54.85317409229153
-55.47470081619518
-63.22419246735663
-42.11014138421752
-39.01746246388701
-61.44462766024483
-39.1618492478465
-18.504217018257023
-54.08390013135675
-23.49455983909073
-24.012469178190702
-41.1543554476172
-45.49527875952422
-29.093648392343702
-47.80547413306514
-24.201125833255624
-33.105353171161525
-48.402548779740144
-41.787292002529355
-48.63218315473056
-44.106899376746554
-33.79921842856478
-22.47478015260927
-34.138723226544016
-40.193238548369685
-37.21255765495446
-39.12766415105058
-56.941808374440996
-46.41702644839578
-32.484618749201594
-23.989051874621314
-30.95232386551718
-26.792614010027062
-47.90406791373427
-50.92274514950228
-47.7657156019065
-25.89598263428093
-40.41254226224046
-45.00352562985081
-30.71177826332767
-36.68459086230165
-36.73066048825338
-48.087113568396035
-19.49069782498738
-38.92025521161939
-24.00138036607319
-16.09076625993843
-55.79426146179799
-31.474717223807264
-33.739747971461476
-13.870771218350344
-25.08476618920039
-41.98564752621569
-17.734704000701292
-25.360212350501374
-42.91148308330551
-41.168043146713906
-58.458298200386004
-32.72879118184038
-19.302080443510185
-33.194852554950785
-54.38272090754481
-55.30975516283396
-49.983187742369914
-42.720603201665746
-35.17140001772575
-59.19046032846552
-45.4782681733963
-40.81509995154266
-42.53617101860248
-38.891114209525526
-26.771469451903993
-50.06997212596409
-38.96496562992629
-30.198086566040182
-55.591456069867384
-58.13749104525967
-29.658276225366563
-37.1990646162491
-13.77997836748701
-31.47871971466089
-23.251908831089565
-14.30345943340242
-44.290279710677645
-37.05609509654239
-38.267152523182766
-40.90341429751093
-45.387576921596875
-17.12910357039482
-33.94905228838735
-13.043152073978021
-58.70265504813238
-58.23290878796475
-26.441795003687695
-43.18493653691614
-32.790785393842
-38.88361466181686
-33.33355320642623
-56.37519978655884
-49.69727260861859
-20.05530516744273
-32.22794707038169
-24.614570844094835
-37.82679656701371
-29.768928705015355
-17.465524537963795
-18.402681133602904
-44.74190889407181
-40.38764963781034
-35.37401757945418
-40.91311999632152
-54.40925619247031
-39.03250254043938
-33.179187516089364
-42.74836109045268
-40.0772312004116
-42.45795510732208
-34.83613676722109
-48.63270907929665
-40.31552284017501
-38.11753039922447
-29.790689687711016
-27.113105268904278
-29.956765737379875
-32.422078122066374
-54.73621393294423
-44.38216283048724
-52.28360228501938
-47.57849670166186
-22.964574725538178
-63.91557836609117
-31.634601706993507
-36.48149177223673
-36.0014968132195
-40.14603511101573
-59.40879415547415
-42.27120407503559
-51.13721991962985
-41.01406677715972
-19.819749018441915
-28.051477638215648
-43.54599399682135
-49.7246719124741
-56.55429417678574
-35.86304546364875
-43.724733217211416
-35.65113201445994
-41.38932078525481
-41.44107654369058
-21.22441498729547
-40.91728299662064
-46.86517565040783
-55.047609087394285
-39.57198844712742
-24.928303630788324
-20.486358405962232
-26.015746586282518
-49.9226722663236
-31.380836273665437
-29.01114653735912
-28.699321080991357
-50.94108762251835
-61.4301476592044
-18.40540637908174
-39.92580249141783
-17.55274776121215
-37.030980490964254
-29.725215494327273
-26.917007122738625
-46.046625289705986
-47.312583776894925
-54.23650704798235
-18.70046201348983
-18.055104759572004
-23.34827938518386
-28.478589857584055
-38.273432882124595
-57.89111246151897
-39.92911171807071
-40.197702076992286
-41.673442994348996
-46.019625551916924
-19.299011981025554
-35.56945319727034
-34.941864680478304
-39.053218504192024
-36.7005905804324
-45.44011473669261
-38.62094949200026
-49.28654259797446
-46.97127922406939
-39.9975126475138
-28.348073480281574
-61.80493379934134
-52.75586546989615
-16.336436211552744
-37.23659992083291
-25.650799333644983
-23.88247018771785
-25.98891077303354
-49.63463635883499
-49.645615887925786
-39.83777159830013
-36.43483133492179
-28.631717576133862
-35.234131890157734
-26.330541467391942
-25.24018543621674
-35.2664386849319
-30.77730709822477
-27.300805697485398
-40.096693824451556
-41.81025509851894
-37.9337129331865
-27.98789711477929
-44.37442081106303
-36.54210628602601
-20.912893474345776
-31.604979176563162
-54.7445570090154
-28.26147863443686
-18.092926932100948
-31.10692178228583
-30.956951318679863
-28.548527579590402
-58.42430434888685
-44.65033654786945
-36.38498802945362
-19.575597076370638
-15.555228202590657
-32.74697656050554
-45.03060732990991
-37.55515652862771
-35.89378814510298
-40.19497683151345
-20.889354934918618
-36.61201668727568
-31.347767912798822
-25.809276797862204
-34.88485992166538
-29.33650942866185
-19.131296685955892
-47.95395903052663
-48.470604784630154
-43.84083618781788
-51.155702411523905
-43.15237702514269
-31.149880257070627
-40.082159181897765
-24.558838208014826
-45.561517934095
-27.43628420721989
-31.934139653044415
-9.382969810984077
-51.226439265663146
-58.401662271788254
-44.852322317099656
-52.978345221730976
-52.96856780593411
-43.93641102487387
-29.314731370493263
-25.668646617946226
-22.080538218621548
-33.42155336369268
-51.05319834755494
-51.647107201549645
-40.77474377883165
-52.10840110261938
-38.587805999052776
-42.547632076029764
-49.62021099930792
-24.3236713797967
-65.71206838196626
-41.36645672700819
-51.46494264129082
-41.86785408378966
-37.03156105704371
-17.989360773716047
-33.62073875536318
-39.781487424444634
-14.333286869507866
-24.868650466124727
-33.891422567265366
-53.28336097949624
-26.200103637264917
-38.90399253120559
-43.3060733569409
-47.77235796087433
-25.86877286817489
-14.550626903992256
-55.126859772333944
-45.97630166201154
-56.80314870410057
-25.712429838073298
-24.62335959000935
-40.696220509038596
-36.51316335941808
-27.679848753022547
-36.42695271171418
-19.73827681447471
-31.11667529242061
-29.330437390489706
-44.43561930602635
-44.96393443832683
-27.588202982286607
-29.97524822927393
-31.369600612480767
-37.79131373427549
-26.25253046178664
-42.19862648491503
-47.30173060630378
-39.69662232400723
-52.765854621557295
-31.796555737498263
-24.65292406383175
-33.62758602000611
-13.218435218648057
-33.83779192190242
-37.12040474267265
-13.02790538420326
-43.94155415731889
-22.429497705959378
-22.33652346342987
-20.46382561189036
-27.75377530550418
-55.17316845490663
-25.99773196234661
-40.41207439428231
-38.595121131653855
-14.601691105774565
-16.33677601346395
-25.970395837740927
-47.770804092838155
-31.353997045321872
-21.754077374409743
-42.39977555597191
-39.90261741428023
-27.917517138024188
-50.514289591851764
-28.54697712664881
-42.58218941813544
-38.679514949038534
-17.67395971331778
-43.4421443855859
-18.903747226209624
-11.845980421920281
-49.067238884103695
-60.99555638269483
-14.262735284249866
-18.63213963122219
-44.06997878918805
-27.42778232925052
-68.70929882374043
-14.02455548883412
-35.39454229791007
-30.80844593065086
-46.43413607226666
-17.829676073563025
-22.880636823280597
-22.895089503564343
-15.598608441556701
-39.80111738811925
-18.126767104343777
-28.42605375003561
-16.694435454257082
-15.810545796407611
-39.35822401667353
-51.57429738499731
-50.892466920911616
-30.687104204950998
-49.40391939886113
-23.877315102441784
-28.66372213503725
-31.59061870383321
-46.62062755736469
-8.107479794808388
-55.23099283641996
-22.21953939842048
-31.119813764344233
-30.71873481099733
-15.922431125201589
-24.76635130783086
-47.67803304843646
-53.95618583916127
-43.63851915441293
-65.37197960281298
-55.96563773826278
-15.234117104046263
-34.62303828021128
-24.955433142171614
-6.44579380748725
-1.7970029203930795
-9.21620561975634
-35.217766756906386
-29.844853087829215
-35.87852608740259
-46.97295945060521
-47.36095176150237
-39.60095869449203
-33.223290047560134
-12.129673182870407
-37.65816261150068
-54.34701950875316
-38.58377618744247
-18.475528516195677
-52.85904572259295
-31.99426580830804
-43.01370369442392
-43.038449469786876
-9.335130312263662
-1.5072708848344871
-13.550745266110335
-37.015383753994534
-47.74665937412216
-24.483588306381503
-45.590559898445896
-36.548263701562774
-29.062017786297375
-12.33100752280852
-39.691004493414894
-35.6854878659851
-64.7807106169325
-59.98690136682403
-47.7520483933773
-61.76209485286702
-60.35336833655189
-56.0996289743055
-92.4701335876241
-75.13895204044529
-90.26676237270219
-69.23322214440459
-78.31614430647096
-80.36423117061264
-65.75005789412988
-74.65335291121407
-74.36388266399976
-63.58016143633019
-71.17273632149976
-68.09422662860244
-64.07043924514286
-69.17597832897073
-85.79141069264556
-75.46116621454064
-65.8099791437184
-77.47027318908907
-69.37581600370696
-87.76646917418147
-90.05107865909152
-76.67518452818622
-76.9576470013121
-57.811165097283975
-62.48097226301086
-83.79644220967907
-79.63834598638036
-82.42163441278223
-71.08796001352157
-83.66617001163941
-76.1216864884159
-93.20976794265562
-61.7424443986249
-59.8860058124046
-82.41382067637173
-73.05305324905842
-69.90415162657496
-87.35007352162081
-78.57423666463822
-66.16713656560754
-58.38470291207911
-72.52462200354205
-54.99059066820302
-60.578320616866264
-72.34931153811533
-56.895427974882026
-73.79188847195704
-84.04305985004072
-75.93823443749852
-76.58846844648374
-74.89059953203446
-67.70112192111152
-87.79707525185229
-61.67882118650623
-72.53942985366263
-82.6896988471377
-15.731373658643408
-83.54272800276978
-70.63599956595264
-96.72176242141697
-66.04238999060642
-86.07803958116514
-68.55585179384693
-84.27321673450264
-85.77151435159331
-75.48795421646544
-76.48441734466776
-81.88606561958318
-42.54487950979424
-79.61344994685567
-72.38626969171426
-95.85075620788943
-70.48143238503526
-91.38181807546344
-61.39744471345838
-56.505687135557345
-70.03812578714475
-81.17504292698486
-71.30865025579385
-69.91358411781874
-65.26625510465037
-80.6915679865855
-81.15281749142564
-62.15129952234186
-51.30684766766712
-79.39454238395676
-75.37559077442955
-64.64554117325794
-67.51719858714142
-77.17953935687831
-77.05328331007061
-72.42105584515714
-57.3698324240636
-44.79707633199801
-77.16051044985065
-86.0148193502075
-86.79438299112691
-80.2307897647981
-80.78119372887441
-52.83260606031583
-62.93565795605861
-66.1996004547326
-59.96591902569375
-26.677416039485625
-79.5356814129659
-66.73854336138163
-46.17738926136588
-81.0033388014399
-84.39677485658817
-67.22785128333217
-63.817237302421326
-80.3002118075221
-63.3223696064864
-64.21351804787629
-66.414068394671
-81.22539508154618
-63.35900674119434
-86.66894656701963
-66.64430724140297
-69.54844903497903
-68.40998627393213
-84.41831044304122
-50.67060871629126
-67.62077840590467
-68.24382143180407
-81.99206332531261
-84.10888238307213
-87.45779243502108
-55.05266684247468
-56.25417566465538
-58.41792495220206
-34.219671213492425
-40.2147604744444
-48.29753120615661
-15.014338692028177
-30.435292205725553
-37.22204478771161
-62.71084910971681
-35.823136668328374
-29.75355736428824
-30.584029820186338
-26.944008568074977
-21.152568227416108
-44.884574470360455
-26.79933320862306
-33.2114533297285
-35.987733982041924
-36.06394181770634
-21.046659314145888
-42.335049268302285
-52.202555260328005
-44.53393987912868
-17.77452741865705
-26.435675154191365
-28.73356081930063
-43.609193737211484
-34.37202882821331
-47.77534275354163
-50.04814284137673
-38.85336716907745
-37.87450202327166
-32.28908409364247
-31.773855603791727
-46.971009431597174
-23.70138650489518
-33.014245277822724
-41.8298509112477
-33.07920720701871
-41.247659246774155
-47.16318363408465
-13.245113083772482
-35.47202054876011
-32.71856980374746
-16.457185418342107
-23.61074989460911
-28.58744941257572
-30.60751201055284
-18.113007688260787
-34.78762876373566
-12.694978058394744
-36.8924403489343
-40.917935279686375
-34.42638005853369
-37.13906823457971
-21.102560997407856
-41.4146505417918
-22.829181593168308
-30.863586047820373
-19.882605541826248
-42.14075087698293
-32.151752895095605
-37.47479935304251
-41.39063901176462
-13.827799083187209
-71.80751361239324
-76.0914833919061
-69.1151213434659
-76.1458516976994
-69.78414520285783
-84.15428948067438
-72.69420194025513
-82.94792780908838
-84.88593251437698
-64.24347525757598
-66.42298179153788
-73.65233404683534
-71.23120274079507
-55.86726593874167
-63.56657619007103
-54.053789242400754
-60.54902593551608
-74.22897959770283
-49.536018672503765
-69.60258511434054
-73.10800212093118
-60.31026984288911
-58.512932883556935
-65.47090123256228
-94.62789962945786
-70.62367107450078
-80.83120437397724
-34.58825212676841
-65.35340831845973
-80.47489389554518
-64.40729051462957
-79.05225428389073
-64.28153990182045
-74.8649453415119
-84.25147624237448
-89.98828189986243
-63.74373763676282
-73.42173320007737
-79.15064315888478
-90.3055919981337
-42.48485922246276
-79.30929479292583
-33.52131852180447
-90.11440817307589
-76.26634989503677
-61.68588360210802
-71.64072039286152
-69.13767462810529
-75.46451300723395
-84.0693014368319
-82.66332065656312
-84.33448353135765
-90.89949743703383
-73.28872892636971
-65.72945121340395
-61.545297818421645
-89.822745435138
-86.57763376800573
-43.82349092242063
-75.69124113673253
-93.72149937565132
-93.02615196719816
-89.10231757205256
-51.99383150948159
-85.23212748264824
-55.14319416973403
-83.68069782400403
-36.575970363930935
-62.503197698570084
-64.05700426304546
-75.52492603044271
-72.59747963141857
-80.51719325707508
-79.42995691480327
-54.366004019551205
-93.86677749929748
-66.66893690355003
-53.49284629643511
-69.2113791994389
-59.9309894382783
-86.1408226800159
-66.96551737769032
-85.16057442090319
-94.5233430936433
-85.76369378499365
-70.54230303091842
-62.140296087588965
-66.52721730846143
-49.69491619335494
-68.58390338076816
-43.216191482558116
-75.64297902005721
-59.97628725285383
-81.89568252593456
-84.32350741736144
-85.1323725698202
-61.475336190753204
-80.98865389472438
-60.127295905213636
-52.97615614610199
-70.2682075395258
-72.64052348356799
-66.83297755684623
-51.0912220106644
-83.24178303774984
-62.28676266415072
-79.13932553543006
-63.124335101691045
-78.13193410455571
-47.404022934408474
-74.91365825067243
-66.09115071109115
-79.08199975772615
-67.86948608415234
-76.90241809168337
-45.538233819214426
-60.306827427547425
-87.25674581680175
-82.48574939852114
-69.65118191028519
-81.60908095817165
-67.30089332631628
-74.58081630222853
-65.52283799101106
-72.4405833559942
-80.35933392497773
-53.86052903983524
-64.74129359523235
-59.20038459332955
-72.8930697281292
-59.160072816848135
-66.11914082630986
-60.99226423151488
-78.46612843045527
-76.5082342143036
-30.01404028866502
-73.75973877153379
-74.86635236048092
-89.2772592072641
-68.57050937980577
-81.82940920041793
-46.03402359068731
-82.29371863000623
-85.12641664486395
-55.36453669507205
-82.72036639651107
-78.04314847553472
-64.8125529588431
-55.70834451222839
-57.09448017786371
-77.68589543099719
-73.3981280663058
-76.44860666284939
-75.98514417671818
-47.029339247109085
-70.5161365762081
1.5225141595146632
-88.57045074138367
-81.96138894575007
-9.1442393315665
-81.53100506576924
-71.46867475785807
-63.50486543091996
-46.293369288567284
-57.12210829305641
-74.98347644436829
-71.44722796386424
-84.79475631914647
-59.80861293891918
-52.69539780517403
-75.94548126820791
-58.23997803375572
-73.4040293497487
-81.17164149277819
-77.05794149908456
-70.61177971515578
-69.68432881832726
-63.024218188837
-64.34030684943924
-76.10811490253508
-57.28077358747581
-67.87637774502488
-73.25182541428413
-75.06282275195633
-81.11609839444765
-74.77667197667864
-74.5903239255532
-73.02698241699647
-78.95663846569973
10.205520101218605
-65.89615564047645
-79.22697052285966
-91.98219853369673
-75.86161337538933
-66.26981479940034
-81.29586897340238
-77.55987161062129
-73.69970140872938
-85.73781419822848
-73.48767867651384
-79.97039563288054
-78.4161041249741
-80.4180189103265
-74.2576868827844
-54.426355571057435
-61.245582287452315
-85.41887851493472
-81.05186729549284
-66.3249890675157
-72.25700836167178
-71.61384359847753
-84.3492777210999
-74.66131008159714
-58.681133122057666
-86.31129054132109
-74.89559240031774
-60.471858458273275
-83.32526160978574
-63.016424942994014
-51.57544485677787
-95.5345047889395
-65.71321585374683
-80.00229944649367
-72.106764690499
-64.11901555052
-59.922164833870646
-62.855116365365824
-77.00982964657099
-72.72708930110873
-44.406649058661735
-61.90471603292606
-74.58106218903865
-69.26421071266894
-79.73705588026539
-53.8177857160093
-35.825814102483015
-57.64242527383881
-81.41598468014622
-66.8762126542924
-12.42457513802217
-55.01670248139998
-75.65155773765476
-64.17137578069732
-51.7168366027863
-64.27211424076583
-66.57735089696934
-75.19898257306053
-89.4330968033671
-87.48009983285034
-56.50813234328021
-79.61654402254969
-75.018576786513
-57.64282825499984
-75.12470426583664
-68.08325051460623
-75.99336772447887
-69.16879980015304
-93.31213881793578
-74.94218795083556
-81.92302377318212
-54.7468587827657
-59.06225084755521
-40.54852791352082
-72.98276377230982
-16.491986939710614
-46.9931426596026
-57.339677138877995
-65.48967059240148
-62.01880068263278
-59.82079116620932
-88.13247852123494
-72.79120428684764
-64.5763103758307
-35.54029511970356
-45.65675809188166
-70.36954022605211
-78.45908650542098
-67.29761483551468
-60.78048738610947
-49.210819705741116
-72.76336443579066
-68.90808464934449
-86.23556423399314
-86.76055306416784
-79.52162488365401
-68.95625114337142
-68.61802700586155
-82.26094055217933
-89.5360277541592
-85.20032612187266
-75.98482315782718
-78.31034547586562
-90.01500843008469
-84.59720675778219
-66.25462445868622
-64.0027179195222
-81.99913257110357
-75.92589228566831
-66.20696339865788
-92.04556902881612
-54.15593472143829
-66.99258541737109
-22.94671036576401
-75.13253166262548
-76.5362038389548
-56.01002713767869
-71.68834730194402
-75.07200252620083
-70.86864263927245
-81.99846321256491
-73.90763285763208
-72.2641527395436
-79.86805890854623
-78.29575619179846
-67.50083345389008
-67.88996299128404
-81.8393676162278
-88.82906902411703
-48.544251299355814
-62.73993205520273
-77.60432931192891
-81.80927380274473
-76.41088352806341
-76.28261257545057
-79.52270405354288
-96.46998115804278
-80.90182852999517
-90.58321869732721
-60.85115935345159
-79.12875240259488
-79.35746128695276
-79.39601770481748
-83.92727448323066
-73.53968373685431
-69.21007463330743
-59.35079901923157
-81.33594169326284
-43.234537370668775
-80.83405939305031
-70.96935377858429
-77.57254844172084
-75.08432418746354
-80.54510141002375
-76.44780070052732
-89.60973232549281
-88.2764862296955
-83.80830624826739
-76.49968964765192
-93.18321216716261
-68.34839845818613
-61.146913374702315
-84.41513440507715
-88.9701124304778
-41.06374957318239
-83.34806761142441
-69.76215882391956
-62.16763733483653
-61.02599170563641
-65.34066318546849
-69.0210559782165
-51.57429055480814
-53.316968925307286
-80.5980012251455
-79.98986167201507
-68.63691247891664
-76.09198199571551
-81.20657108019363
-75.46504576198922
-79.8004195451956
-65.7266371754659
-76.71023705900673
-72.54974343930935
-73.31374790929947
-71.82408365131968
-67.64074304884862
-93.84468866752167
-85.19314076286581
-80.83985139346647
-72.31760579998813
-79.6821138385818
-65.47754017643554
-73.03612804029513
-69.55731462052171
-80.06694035679867
-63.66344876306932
19.78903707283895
-69.07494617076789
-57.60513927115971
-80.41804623108317
-72.51993649377141
-79.2037068985466
-94.32612138135919
-50.80457946176647
-74.04526116940784
-81.19129194702032
-56.36169650256972
-92.87750656029118
-80.04623122323518
-77.78478973998982
-53.00727107286598
-73.83550605999675
-75.42283519291854
-93.27430640012307
-78.77890328311766
-84.29696530224678
-74.6311616266007
-81.31944678641726
-54.99286512119664
-85.76155593578343
-73.59537026915743
-76.90554631832325
-72.83590104477621
-75.90669945410058
-75.21803880084487
-78.34442811982397
-77.93564129799871
-67.26168121029124
-67.85474653592345
-82.08577352072518
-41.407608616757514
-101.54343201314991
-75.07992554563805
-56.86996161456163
-72.8866015389852
-85.22999646362719
-91.89142531962727
-67.01277545655765
-101.27838652240757
-78.36396246085022
-85.84254148877227
-82.45772513235657
-80.3421218482693
-80.85688588525649
-76.8900008077723
-80.65283398380235
-80.32053845049207
-44.51916276485936
-76.96333654889072
-70.27364437010513
-79.01856779090424
-80.14758440032901
-85.40346960816717
-85.16867502525882
-66.26859902572808
-90.7982125618317
-82.2825854216591
-77.59393376401215
-72.75925949209949
-42.57130209659844
-70.0329211829972
-63.87813526906116
-48.62872707901053
-81.49421766689954
-76.37955345034057
-74.52879758150972
-89.19672444676048
-70.55544431488151
-73.07497132610499
-82.46275215158569
-96.24952997239146
-83.1043801222167
-68.87163875993329
-72.89305606775088
-72.3356511597753
-69.09325107774353
-69.4994834088192
-65.14035422767952
-80.58112382770639
-94.83305119136836
-75.85796605437254
-71.0428739348103
-72.9481483735962
-76.27967559410746
-91.69166960716107
-62.5212567187356
-83.4873966403035
-86.29880495551829
-79.80498211156116
-73.99059233529105
-76.27646540519756
-65.5027845556079
-69.92018208055697
-74.05072532074384
-85.44511327153674
-76.1945714370491
-87.57951323621988
-89.23032214728777
-81.12578360269072
-74.19451446315095
-72.88747580319897
-59.0007791450251
-73.21371978890463
-83.23130552756304
-63.42187180231514
-84.53624048925066
-36.130180992277126
-80.63322451069526
-82.61899272884973
-68.01586386825488
-91.78601501016647
-77.585812669089
-83.36384534840714
-77.5749936494437
-76.83412986036159
-79.60733009735934
-73.36456451672436
-61.988078491746066
-85.25720793728053
-80.27041169217334
-68.99594820282752
-80.13873247516467
-85.30542907282081
-90.15805308187227
-51.60529619854541
-94.35848964783587
-78.38785446256692
-87.24684204250524
-65.98833587351494
-86.64137992352946
-55.83442297411766
-79.09367255101769
-82.54308200641421
-70.0354961643143
-77.50692398417536
-97.99130334282557
-83.8307365895017
-83.51223803831483
-63.8554863617734
-70.93618637997471
-73.14817046344001
-63.30911903949657
-78.96740967402084
-69.69979919679734
-76.11820992212836
-90.91472875888296
-75.53778044646067
-69.00392586377811
-76.52636153636081
-57.04964340105716
-70.48630230991348
-80.32589331880136
-60.01579306701318
-75.65866796458073
-60.527784047197336
-86.4548747780531
-79.5332225448647
-85.50102520008247
-90.26941931628932
-61.346382219223365
-62.55566721177412
-59.224734217720645
-81.2648872353272
-78.745250941077
-87.78397494902421
-75.14718924858433
-77.73293494381107
-76.53614919744145
-72.23247432217309
-83.09737234812826
-81.49184759125755
-66.73085256837619
-79.92523442208841
-80.19831904548386
-89.93172793353472
-67.87424672600385
-81.73427832565798
-79.35776181527623
-80.47016057445036
-86.10115294131647
-84.08814592875197
-91.72114870361885
-77.72029909384655
-87.8068219317979
-40.729951398254705
-68.9570980868285
-78.15980127636936
-76.06511203152068
-66.710034151786
-67.01882700416228
-65.35717175269241
-43.98772282101359
-45.59512246481147
-79.86409739882762
-78.25840871741684
-77.95954696009376
-55.293243180515454
-91.24218168807171
-64.12685660768717
-45.54142693265141
-84.42867184001213
-68.5980623629176
-68.48483148685713
-100.60871379504451
-93.86961202780304
-92.87228146557612
-53.72097802980812
38.61760611440154
27.439501226318967
11.539731815009834
30.275547741417295
-36.97226818485883
.35553277068159933
4.6629564859893655
25.77329706886187
-18.491632394711274
.1988101714931825
-28.387425615184604
-19.596603323163013
-11.751230330206571
18.64132111301398
47.65097525403945
11.706980095894998
32.43540040604248
8.282520467762888
41.769130529526294
15.505203897109483
14.275246483262036
2.842553337499822
21.30893857827438
21.006740273541748
-26.066947391848228
22.61763526664738
15.12948031350896
10.156329078816173
29.9170140364104
38.60197522648596
38.188390196768765
25.606701924816086
.17017418985129415
22.790632005492753
12.376739908169986
7.66257407887845
10.542566031096639
4.000124619966885
-14.740816936525846
30.16560901653677
18.280492464445963
-12.449391776597764
-4.923582417451889
7.03692576269752
1.7559116485726365
17.02632459131176
51.95207173289613
9.677678813291788
-8.422310534410954
36.050527326176436
39.51152761259447
8.842957125956298
32.701733387443376
11.018263947352287
-15.072168196183382
40.64493944875014
39.44951632511992
6.229479155152007
14.879189738921134
11.191601341882516
34.9712481542877
-3.120983437694453
-3.145974032650472
14.926092647951613
-3.9310398178331454
28.072436073683832
36.08398842292033
35.884751804831055
4.380789845431914
-1.4280699322097234
31.21380058241819
25.167976676311365
43.82999667760507
28.88873588705415
21.335641202834545
14.264745067413141
37.16214061359601
28.99923127235203
16.09565667538416
.5878410846907937
5.523538550182992
38.441882422530036
20.32652344164747
19.657595204903934
-13.720380698110418
.43834846752246015
33.63915294536553
10.570881434074574
22.631901824276245
6.096414263515465
19.942366281969274
31.60809374282469
14.811958479373407
11.023980815687587
27.8907513342142
9.45201107066186
23.26194067143302
34.88732220486117
40.34955084262001
39.83616308875059
34.459704551494184
21.90481794184463
20.223723971996904
-.5549664770810232
5.058265637034901
28.479170423663508
26.241347734568038
27.692851725654958
6.134849445522419
-9.441461843488774
24.34129156030804
44.235928480357266
40.7097476986898
9.575138037056034
33.40289670197479
28.65455943626568
20.994905263257408
16.449214587580702
27.919282741924636
19.419723621774484
24.688514472049395
-11.80368362171133
-6.509063130429547
12.88259737847947
21.6257842236821
9.166432323727165
-2.7691612473207425
-1.6778310604151663
-.24469422173877778
40.386553392448555
25.31962907400045
22.816670394156134
-5.852232439366571
-62.85646191263231
12.013503617919538
21.082698807301462
2.6832148425603566
-13.867053034120918
26.418493813334198
20.27547802288538
-7.404408296177601
35.25253241978175
15.823263608642176
38.46662136770382
31.03699430556324
28.40234957852108
30.01174876019848
14.711165377791529
4.968303081042547
26.321484636552505
27.21166489862756
9.094442983648875
21.17454265352333
8.259468579314095
20.916271002890344
38.95490817637345
19.430566547081877
-26.148766227915807
27.976316529041537
-4.804566371164416
58.34335294684386
16.894761487518974
26.701586371411008
12.262505848075168
16.604934362920527
26.273645991605736
33.600941452053895
41.38001465251067
30.910547013458796
11.925421498383052
-1.003076992474724
14.48929009769825
12.538645273576906
30.935958732265828
34.514926630933736
23.620467546250747
21.54577538774457
53.007274487960565
9.879757643849432
4.659720683870072
33.810846825626726
34.97103300332885
28.787532974122072
35.95050945106536
31.638139744983572
26.1455338408911
37.89782711928726
34.36377795969594
13.707920725517022
-7.2018701353982735
-2.3715761491777116
27.535158025644996
22.509730230592226
19.54237162115311
30.76843126739834
3.7722144408550773
27.55979110288665
7.754510986427761
24.375307609921997
38.81590699657452
37.05389577562965
27.13607007244115
17.776115437639078
30.893577408465898
44.38539009487007
-5.85899389975806
12.886869661805314
19.2543135155497
31.69995295697219
11.794731805030382
33.002084126005514
-25.125784890260903
12.475440410544902
17.337538745748805
-8.261750716270527
16.078909051539288
20.66329957905329
-4.162359968888083
-19.896798674921534
43.09950111568303
15.62790653800147
.6161204690930265
-7.379297105694048
35.49314632386296
1.9275244203374382
29.51264293188355
-.2726810019041844
6.701273618296992
41.319120100965414
24.61853064626615
16.602065683469124
-13.981155613074213
-23.473932667797293
35.42618656433474
17.212414802796047
33.605063471217996
27.250564533498075
7.897072402331559
17.806125581304823
27.507552108567097
33.02171750477471
39.65403267943761
13.606050161593574
-3.59324939733558
27.78910275143878
26.87838752562408
32.93338266823894
42.617378552739346
-.9082753541771221
24.542901669133894
40.33348623769214
38.234842313314026
21.509460979474905
10.523267331596768
29.665598188156817
27.062285246384796
20.863144083978693
22.59962064271147
-9.062908854024572
18.53162485984899
39.148205944979395
38.624460209233646
-47.63952785699051
-32.073823851760345
29.464746230328835
.969749938193293
14.10972965533147
41.0850461030145
-.18974563001050287
4.085667616679418
32.26772609210784
17.463511339705935
7.699087416407692
24.04593198248189
6.310778896842669
21.540389783584015
27.203231322549886
15.223014631550408
-5.379425827563955
25.20585349035367
9.488707969525045
37.40686287646298
35.709103245040424
12.42814647318444
14.586374406560811
18.303831220839896
5.19584101484459
19.690217895927205
-22.373184503799916
30.123989258829297
13.232750441374758
10.246666868326054
28.94883130646651
13.918257254781212
19.36911362757198
20.30018964730249
41.15552340996527
38.359732322287705
31.052474929317075
18.737377478406454
29.50250010096608
39.332843033717765
-.8499580784656426
-3.058702784634515
25.736861424734435
6.697555860954389
27.49623790020697
21.994955948321287
39.704955154794646
5.761569362097467
28.475738253605574
-19.26089781790959
8.046983955555937
45.122114789315155
35.694268074163155
41.06175515794475
34.38829150862711
28.214258121609976
.6763748504861452
-32.74923052293164
36.82850977830299
38.10124381314858
27.230523050925967
8.68054974164538
29.85959605115269
-12.082140188888996
34.28985140721431
10.217347427540128
39.06848056189242
2.6644740841383108
10.524277345820284
2.8275010946729946
11.031157636957978
23.04483798602229
14.420226639905666
40.09692946597792
3.1701503409913783
34.64792748954681
4.681320730233414
-27.065994039104112
22.614935634377932
45.538660706037554
42.93332944336579
1.1353939783971498
-.8232947808540583
-7.638075044099261
49.2861464470026
-12.34366642466149
23.287808305367154
6.309256191544579
34.127644659710256
6.5490987111364
37.99770839061494
52.68394016284133
26.495263432057847
28.39704935172515
34.89649173382191
32.0575953222924
44.763482046565294
23.57340071268019
29.201346815176464
27.72358928446731
18.437395570059493
3.506042609229915
-35.013065987481106
-23.142067436404712
5.635238183208911
34.41041790644337
24.744315410021105
8.802098080567635
12.839499738590336
29.198502041387155
27.111725570691934
9.979632084987943
25.990360480684874
27.93116214843858
10.350792248449252
13.205361382803007
-11.79663657403517
7.857453036277254
14.33790749248138
16.351472873010525
-8.435404007049868
30.13916935425965
36.287394871497895
2.5227431765489032
22.77302890045434
-5.275146341297608
-2.752001677691555
36.73308179031415
-37.75277780697828
25.557667996764565
21.580119286438688
-10.57538509005855
5.6043751196705625
1.9655295138700932
20.13751161674571
31.039405362340258
39.40808098252004
13.393175363279079
-3.9677811129259366
-25.532561928922892
37.009533696970415
18.30924585330442
2.181667435060562
-1.4276587334773474
2.9482923498144356
24.95776394422588
10.78393808617572
35.83233010295121
4.150156128388563
9.21053144010335
26.451066985485987
20.96341809118365
5.524141741264069
24.677751801464748
-11.674839786981856
29.662637301151616
2.6579279881490883
-8.750820435373765
-6.533989905805509
32.91932272383247
-5.191162762149954
28.895190415819812
33.13118494660251
17.498311153527148
40.18706064226541
.4909862808565154
41.954423316424986
7.472256834071568
4.645616770120818
29.72666007933673
27.503886004530095
31.964984787336196
25.319852762695767
29.642016960047346
23.505232009668877
25.05049400749256
7.666005395162735
38.6909555158983
30.850096424209596
50.92423071564676
-18.657990189683396
5.853270628120412
26.838210645378773
-5.6765091743818905
15.48320215024558
31.9621365984523
17.360271322853897
18.54670591753638
4.160477397998099
7.5733111903892
18.758776461076106
6.916705041795187
-4.935544640009519
28.38170703930201
42.99203150418747
7.677670504491471
29.32615486188011
6.200583612981445
38.812071845355554
41.07553506459525
17.473169227192333
-31.85971791184796
26.761217337959806
36.89916467017218
30.685772318062845
2.3610715316776436
28.112583925625167
34.3454286564907
2.033842931514445
-13.860867444053826
15.362130217017935
28.270781352086416
35.707323980761636
-13.196014268923845
-89.59738334347342
-93.67917269336475
-69.81647931838867
-67.10831614266777
-76.2952689159826
-73.94916040778575
-93.82895874186312
-66.25914604391677
-89.69821059600116
-84.56403252898343
-80.80333037197443
-70.93312645522654
-85.35448349143985
-76.22820328852225
-74.94770674368493
-76.73074811708427
-83.85006602485284
-70.32154448675443
-78.72493795848538
-92.77402919436548
-78.53546168072006
-76.41056933936159
-60.97487456988803
-78.78359562307746
-54.46641804563414
-62.22247009349339
-77.6624132406307
-69.54740401603601
-91.65323613270141
-62.92680603089428
-80.72021379996454
-74.5923729823042
-41.397827785866056
-79.2856828289651
-73.71101903218408
-58.518342393379584
-79.12328825125887
-77.27430140142306
-81.27664199088879
-62.28948790962956
-78.05962289181278
-48.26087358088115
-100.03930824469722
-84.30514786887244
-70.4930846877593
-85.32587182900666
-49.95689834425453
-48.03505728163678
-68.21975184516894
-82.04542759329792
-60.64891745212751
-81.08269193921711
-81.52081442352758
-61.87692399319327
-42.02610615176427
-91.253000707717
-17.66655749580478
-87.48363787084041
-68.14460610392045
-84.30355643479584
-75.30936526023712
-81.49050887418024
-77.92545065575706
-93.93868573087939
-54.4644475360586
-61.20122703898225
-84.1860566905041
-82.34514995445642
-88.91954170986303
-80.01871922125838
-74.54937694147897
-78.58015843864862
-85.32908884810574
-69.80856312914062
-94.02390600115363
-85.71683868728736
-96.00091791679216
-71.76533036407923
-99.02615213416338
-85.89833730410211
-76.18998154992686
-79.73457652159668
-83.9291118041174
-66.241558306804
-89.834677775618
-59.141631306089096
-72.00785672112805
-77.77845132444004
-4.977521701987949
-52.87256949714958
-81.35472471348038
-75.68021038122295
-86.85319091988072
-70.9175331333514
-78.30078321102759
-73.32743560839617
-79.12450402493113
-87.38559733549404
-50.02265940558342
-72.62595469006835
-93.77764353062882
-67.38851782317839
-73.54042139728467
-70.66804681353835
-61.08348823806958
-74.69697732944294
-69.906965664513
-62.614379517879556
-65.51863059448233
-78.7834726796724
-72.62696555806552
-60.742730100377635
-88.93816763572964
-70.01646042709747
-82.91430961799358
-52.85959896791572
-63.65058751686219
-65.71822921259762
-43.77206301306502
-67.39083325730702
-50.77041827063265
-90.13222813662044
-77.01577874133808
-81.86850520322707
-66.22773400392389
-66.77707928867885
-40.3206728028092
-76.343373938307
-45.23452262758064
-60.68549311513293
-70.77329319845907
-80.11746326608925
-79.35085649402535
-39.57932065520143
-67.95321737318753
-59.34071766001663
-73.97358516425771
-75.94364394732118
-79.48460525835254
-55.101782732796245
-58.33517038021818
-61.81825266822287
-79.77678026047818
-71.27109787573711
-64.914070060477
-88.23657060418593
-59.36048422747465
-71.92171437531584
-85.42508715689027
-34.484074666452784
-53.357038230073165
-36.89642234922042
-81.79927440579982
-63.317588474067385
-56.23778321064735
-65.9388511529782
-61.58056208510642
-76.96026296376421
-66.8326223870094
-96.80243378570398
-88.34108615886547
-89.88679894917438
-73.91580176387941
-68.86025966477605
-77.72913735863256
-84.84122209607007
-65.50533904635749
-77.45124428206141
-43.643693022709215
-87.38296088247442
-79.72588852097242
-79.54953986679186
-79.65782568589324
-62.76774458550302
-63.30146922762616
-24.53253173442652
-77.04355712069253
-63.388219460274485
-67.44567967634222
-48.93194991211866
-75.55719184408186
-29.668688848756247
-37.80631965988201
-79.6309352311309
-65.45291051428848
-78.58860738265193
-74.40441983672378
-26.519442301719693
-54.185700685841205
-87.36673235300647
-64.8394980551188
-78.29799649384623
-63.0743722679124
-51.62792461526566
-78.89573366887073
-65.1232309434303
-65.76837646148385
-57.71708607165622
-48.09496487084696
-61.136019222976145
-75.11642607656259
-62.444075581114454
-67.6424096150061
-68.97893420160503
-61.64161714609717
-37.856238097431046
-66.97049658559527
-53.265595657465035
-81.45405615457987
-78.38497895292635
-86.91625405648745
-76.62190905266013
-89.99251661714783
-53.44598095344507
-75.85365620500626
-60.186329230210056
-44.61130201676283
-61.79731813841678
-59.569324091536956
-72.54886917509559
-81.72039255107535
-75.34292880981856
-43.75096797381344
-74.99021101088992
-86.14175158574302
-48.488981408592075
-78.65091919844996
-71.35535508933839
-72.56876551614783
-89.09899126992677
-74.17920117903178
-70.47305857311282
-68.39463200867795
-74.57419101873361
-63.39374508331303
-52.41142927533617
-83.08748223421009
-52.397318104510916
-39.261525613499074
-69.07554722741486
-61.601319029994094
-78.79102686889443
-69.33231452888315
-52.83457315479679
-2.1899052835298316
-78.24907184882143
-88.59781247919874
-64.78045106974403
-69.7859961841229
-85.17946672414743
-78.57808889133011
-56.6800311292165
-78.308754041789
.1065311808562029
-50.18912819112955
-35.96282769723347
-24.9667797939303
-55.87517871289513
-37.617820099168
-19.375322269527523
-61.55645151733628
-32.8531723417209
-40.91727616643147
-8.219673335888663
-41.71833099757432
-42.98306688090183
-23.079257016797275
-23.287099673240764
-36.80632873897337
-29.248734667638015
-43.18041153659101
-33.440370534856065
-23.57778910922192
-36.02339098460398
-33.92607894711401
-27.89368490046272
-48.749119408415766
-20.201850291179937
-36.15001927672143
-36.46494222387779
-20.281488589354993
-36.561193249661606
-41.965891204041434
-44.732838402854036
-47.207105165542416
-32.92295296937633
-31.554442606894238
-34.57357405024205
-14.595376595886888
-28.674315758439942
-47.09179791197426
-24.242229911680763
-40.30568736777019
-68.90684155491554
-41.49846720819161
-39.22126847853102
-34.74191772271535
-22.176992442533177
-43.400804665634396
-41.793295738809796
-38.13469466460871
-52.78898164208696
-39.39596081183785
-52.16101746489057
-35.77002853243694
2.701391043158818
-15.376330180302391
-35.391256976919294
-36.723850789650875
-35.47098577510086
-31.9207729728387
-29.258771630623347
-27.577442019249254
-33.76333261466553
-14.08248403073229
-36.34394542273101
-18.328238901838937
-9.612002275553884
-53.81259818733468
-27.792237808267814
-42.65761519713989
-25.003034438044725
-29.7873907063419
-32.72611374768574
-11.899512883313902
-42.09096221302812
-50.04213910509629
-42.42346265201351
-22.004637741469782
-24.544727037189578
-41.9238992010242
-49.17356102381869
-42.15379995339224
-49.01575974832931
-31.418296446168373
-20.11740353982919
-27.204240482999758
-39.44579728711685
-38.41649802447969
-34.61111618501502
-38.91350015453025
-22.5620084984995
-33.36935364296085
-23.31147491084125
-31.000582567097904
-36.24989713295452
-26.204017335659334
-37.1856262190571
-45.40903737596905
-15.992293715127065
-31.44053212701135
-37.14809432956788
-28.149308145245033
-55.25806087610072
-13.66717779334425
-42.340431457368254
-49.25203306719297
-42.1869263708668
-47.339361533535964
-46.77285198339676
-28.51405732239664
-44.47672338445148
-30.40475784504101
-31.152957257291717
-49.68074696592175
-49.69013847603051
1.245055333564349
-22.444976622165917
-33.95144626969144
-21.890469421945728
-31.690086748716105
-30.725978226612128
-22.344636020616555
-14.41559064900652
-13.015931208814582
-30.255285985244452
-30.842904235013574
-34.1605695866043
-43.484112482941036
-21.07542636338269
-42.04744366273139
-40.71667009541361
-5.875630959915742
-33.12016785147128
-53.49062990004944
-54.59581256436545
-45.54089076280157
-41.15473110802155
-45.64086424168304
-38.63937734238095
-27.5155007412137
-28.678577796482028
-46.099873444475406
-27.908069278854768
-33.56044526046489
-39.86552265689789
-46.58607021525901
-31.06126538277888
-48.973798481163335
-47.071163910491656
-34.948923680985516
-20.27854136272813
-31.54193311542936
-28.47366870628706
-41.26993590875215
-51.48335341619859
-32.51882433656502
-41.241385718021505
-43.16368098821906
4.137063936410118
-28.81811173103622
-13.751116549375475
-60.03445314382566
-41.23634503841403
-17.815896166912523
-1.6378137291200021
-32.86262873862678
-44.471556346344364
-63.611027061189475
-35.327982104448296
-42.58053992745088
-44.8214942582808
-24.392215743212365
-53.12338087366162
-40.52981661028957
-61.46817815250303
-50.80278995220393
-48.23671520178682
-41.27144879565331
-54.86696765932037
-43.92157243890202
-46.17368729883574
-50.49203000534669
-22.75317866317899
-28.69514100521931
-59.96667034650245
-24.505178534347912
-31.94516016327023
-33.67663360843598
-30.691065714669605
-33.90020960563259
-37.30655130321759
-36.03845155172385
-22.86079512374171
-32.11556655287288
-56.75552521011265
-32.40873876261734
-37.53441665921297
-19.25471649671073
-38.79931646708056
-21.357931525190878
-11.242654444607423
-50.143447885960505
.8769264934340562
-40.09871556044588
-24.11425777984411
-44.580699354186585
-50.87788105193905
-22.585244802055886
-33.81239727856832
-38.658402834314025
-42.64124323369937
-45.0437520289676
-17.840078451668955
-27.015016922233723
-6.935509406353878
-53.79259256325571
-7.305999784389703
-37.25633916753424
-33.96771236519982
-31.63673272601455
-43.20164659472058
-21.99490984454439
-18.39346208577068
-47.10802644144221
-38.11288245549428
-38.87082854769059
-38.798971542527475
-29.109088034962518
-39.89987509332847
-55.369085601059275
-31.53471702057124
-35.77419153273606
-8.269210136617826
-28.463452450836016
-31.94925827677224
-39.89430165896574
-64.24650786156747
-30.039103667824378
-9.628126644636993
-18.160347729398147
-31.558752456260514
-34.686166303615124
-7.881995613512402
-17.807264515348923
-41.140985352316896
-27.90211506144581
-41.08650093330771
-66.3898348834958
-45.491730476250396
-19.14997042314671
-40.09225078639646
-24.939993499552802
-47.69410106845891
-34.80107057602225
-32.92666517719024
-44.74402625271451
-17.840011857324548
-40.39383437410379
-32.95937836822001
-36.37090417938506
-31.86193772332821
-40.78546034563939
-21.495261016190447
-41.14728961692082
-14.541964516577387
-1.1891029574921335
-48.38859811836039
-40.9322342807138
-27.137396836687426
-34.885426827366494
-17.351593567513397
-29.587033937228746
-21.10862108274895
-46.30049659096619
-30.63220655949702
-16.235748977903
-25.22919566184219
-22.74670535139311
-36.70039592004105
-38.81723888346267
5.229258569132524
-7.648705379768739
-34.36710426182174
-53.61419143722956
-35.78294783525202
-24.698756340709828
-23.5613488438897
-23.243948245611914
12.01794921729557
22.10345862592882
44.10438586713199
8.422124411756071
39.95204749330361
24.63906731755309
21.043587436566675
23.436387117929733
27.705378292592762
11.105160175294127
55.462590890796754
-.5682067987870929
5.892420845556102
22.661790732084217
9.412313157432099
33.53102763570964
27.953886187807214
4.269712613394113
38.19130668754436
24.174071453953204
22.10653391860262
27.94808564965458
18.900805122224643
17.906841843258537
1.2647037600940658
16.60406180625406
7.40080281006948
30.363476181697454
-11.984395059224235
21.494646299165147
18.636854169296793
41.639066652256325
35.799596421353925
9.21963778981427
-2.129643591699867
27.30367266938951
14.941463988678725
